<?xml version="1.0" encoding="UTF-8" standalone="no"?>
<!DOCTYPE svg PUBLIC "-//W3C//DTD SVG 20010904//EN"
              "http://www.w3.org/TR/2001/REC-SVG-20010904/DTD/svg10.dtd">

<svg xmlns="http://www.w3.org/2000/svg"
     width="1.66667in" height="1.66667in"
     viewBox="0 0 500 500">
  <path id="Selection"
        fill="none" stroke="black" stroke-width="1"
        d="M 230.00,19.21
           C 230.00,19.21 262.00,19.21 262.00,19.21
             285.16,19.04 316.50,27.18 338.00,35.80
             360.39,44.78 380.52,57.28 399.00,72.75
             473.76,135.36 500.99,240.85 466.58,332.00
             455.88,360.32 439.63,385.85 419.09,408.00
             402.20,426.21 382.16,442.31 360.00,453.74
             332.40,467.98 303.12,477.81 272.00,480.09
             272.00,480.09 260.00,481.00 260.00,481.00
             260.00,481.00 238.00,481.00 238.00,481.00
             221.87,480.81 205.58,477.27 190.00,473.37
             168.29,467.94 146.92,458.61 128.00,446.68
             100.43,429.30 77.47,408.00 59.03,381.00
             16.71,319.05 6.93,238.24 33.42,168.00
             53.70,114.25 95.84,66.56 148.00,41.89
             178.75,27.34 197.10,24.12 230.00,19.21 Z
           M 241.43,57.63
           C 237.42,61.28 242.28,64.88 244.66,63.75
             246.89,62.70 247.17,57.19 241.43,57.63 Z
           M 289.00,87.00
           C 291.17,83.17 293.37,79.61 292.77,75.00
             291.74,66.95 283.11,63.42 276.00,65.97
             264.58,70.06 258.10,82.64 256.44,94.00
             254.96,104.18 266.77,120.32 278.00,117.31
             285.03,115.43 290.29,103.67 291.00,97.00
             291.00,97.00 283.91,102.97 283.91,102.97
             277.86,107.00 274.69,102.75 273.25,97.00
             271.61,90.43 273.39,84.01 278.19,79.18
             279.98,77.38 283.88,74.06 286.56,75.82
             290.42,78.37 286.04,82.15 289.00,87.00 Z
           M 240.00,68.00
           C 237.05,76.07 238.44,77.29 237.91,85.00
             237.91,85.00 237.09,92.00 237.09,92.00
             236.86,96.18 237.98,104.34 240.36,107.77
             242.40,110.70 246.70,112.08 249.03,108.69
             250.92,105.79 249.37,99.37 249.03,96.00
             249.03,96.00 248.01,80.00 248.01,80.00
             247.93,77.07 248.21,73.74 246.26,71.30
             244.66,69.29 242.31,68.76 240.00,68.00 Z
           M 219.00,80.00
           C 217.27,65.09 201.26,68.31 198.18,77.02
             194.19,88.33 211.43,93.57 213.36,96.27
             215.82,99.74 212.57,104.34 208.98,104.60
             207.15,104.74 202.99,102.72 201.00,102.00
             204.76,112.94 222.98,119.73 229.08,107.00
             230.06,104.95 230.84,102.28 230.80,100.00
             230.70,93.47 225.91,88.23 220.00,86.10
             216.82,84.96 212.04,84.83 210.09,81.72
             208.79,79.39 209.58,76.50 210.09,74.00
             210.09,74.00 219.00,80.00 219.00,80.00 Z
           M 192.00,127.00
           C 195.56,137.19 207.53,137.32 207.80,128.00
             207.86,126.01 207.25,123.83 206.52,122.00
             204.27,116.29 188.38,92.56 184.13,88.11
             178.20,81.90 171.51,83.58 172.68,89.04
             172.68,89.04 184.85,115.00 184.85,115.00
             186.34,117.81 188.85,123.03 183.89,124.26
             180.89,125.00 178.52,122.03 176.90,119.98
             171.70,113.41 171.94,110.95 163.13,101.02
             161.13,98.76 156.00,92.84 153.06,97.45
             151.20,100.37 155.88,110.01 157.37,113.00
             163.05,124.36 169.80,133.79 184.00,130.61
             186.81,129.98 189.46,128.33 192.00,127.00 Z
           M 309.00,130.00
           C 307.22,132.24 303.89,136.10 303.57,138.99
             302.96,144.63 311.45,147.76 316.00,146.68
             321.30,145.43 326.27,137.28 329.58,133.00
             335.73,125.03 339.98,118.68 342.98,109.00
             344.10,105.35 345.68,100.79 343.54,97.23
             342.22,95.01 334.84,92.46 332.00,91.10
             328.60,89.48 324.75,88.83 321.00,89.10
             310.74,89.81 299.31,99.30 296.22,109.00
             294.29,115.06 295.95,125.59 302.04,128.83
             304.22,129.98 306.61,129.94 309.00,130.00 Z
           M 309.00,120.00
           C 309.06,117.43 309.02,115.46 310.01,113.00
             312.02,107.95 321.67,96.66 327.00,95.47
             329.91,94.82 332.39,95.91 335.00,97.00
             332.38,101.91 320.70,117.30 315.91,119.26
             313.91,120.08 311.15,119.98 309.00,120.00 Z
           M 134.00,129.00
           C 134.00,129.00 150.00,141.45 150.00,141.45
             150.00,141.45 162.00,149.55 162.00,149.55
             164.11,151.11 167.54,154.71 169.91,155.27
             172.78,155.94 183.29,149.17 175.77,140.00
             169.90,132.83 163.15,129.46 156.00,124.11
             148.30,118.34 143.70,112.95 135.00,108.27
             129.93,105.63 124.91,103.52 120.23,108.27
             118.93,109.53 117.87,111.13 117.69,113.00
             117.44,115.66 119.76,119.74 121.09,122.00
             121.09,122.00 132.00,139.00 132.00,139.00
             132.00,139.00 116.00,135.15 116.00,135.15
             113.07,134.40 103.70,133.11 101.02,133.91
             96.48,135.25 93.80,140.53 96.74,144.70
             98.39,147.03 107.20,153.27 110.00,155.37
             115.75,159.68 129.98,171.58 135.00,174.01
             143.25,177.99 147.43,172.54 144.77,166.00
             142.70,160.91 136.19,156.15 132.00,152.58
             132.00,152.58 119.00,142.00 119.00,142.00
             126.18,142.95 143.33,147.01 137.01,134.00
             137.01,134.00 134.00,129.00 134.00,129.00 Z
           M 369.89,106.01
           C 364.33,107.92 359.33,113.00 355.00,116.93
             346.53,124.61 337.89,132.29 330.43,141.00
             328.07,143.75 320.23,151.65 323.64,155.40
             324.91,156.80 327.26,156.99 329.00,156.71
             333.51,155.97 339.40,150.32 343.00,147.45
             354.58,138.20 358.87,136.35 368.55,124.00
             371.71,119.96 378.41,107.95 369.89,106.01 Z
           M 234.00,128.00
           C 234.00,128.00 230.00,128.00 230.00,128.00
             230.00,128.00 228.00,138.00 228.00,138.00
             228.00,138.00 217.00,138.00 217.00,138.00
             217.00,138.00 223.46,147.09 223.46,147.09
             223.46,147.09 222.00,157.00 222.00,157.00
             222.00,157.00 232.00,153.70 232.00,153.70
             232.00,153.70 242.00,157.00 242.00,157.00
             242.00,157.00 239.00,146.00 239.00,146.00
             243.16,143.80 245.48,142.63 247.00,138.00
             237.72,137.99 236.28,137.96 234.00,128.00 Z
           M 232.00,136.00
           C 235.61,140.94 234.76,139.63 240.00,142.00
             236.18,145.49 236.27,145.98 237.00,151.00
             232.10,148.88 231.92,149.04 227.00,151.00
             228.58,145.28 227.92,145.33 224.00,141.00
             228.96,140.59 229.36,140.20 232.00,136.00 Z
           M 278.00,138.00
           C 278.00,138.00 277.00,159.00 277.00,159.00
             271.91,159.83 270.83,160.91 270.00,166.00
             279.79,165.66 278.00,162.36 278.00,145.00
             286.27,152.63 281.54,151.87 283.00,159.00
             287.69,148.87 282.25,146.67 278.00,138.00 Z
           M 184.00,202.84
           C 185.55,202.99 188.55,203.06 189.96,202.84
             197.78,200.61 194.44,191.64 193.91,186.00
             193.91,186.00 192.32,178.00 192.32,178.00
             190.31,166.54 187.74,161.31 175.28,160.31
             163.01,159.33 157.54,162.21 150.33,171.83
             149.01,173.60 147.60,175.03 146.69,177.09
             145.56,179.67 143.89,192.42 144.47,195.00
             144.98,197.28 151.44,206.47 153.41,207.92
             155.08,209.14 157.04,209.53 159.00,210.00
             155.33,217.57 149.78,217.24 144.39,224.01
             139.27,230.44 137.71,245.72 136.58,254.00
             136.04,257.92 135.21,263.38 137.74,266.78
             140.39,270.33 144.94,270.80 149.00,271.00
             146.98,285.99 138.37,305.67 154.00,316.15
             159.34,319.73 169.66,322.29 176.00,323.89
             185.25,326.23 194.26,329.35 204.00,328.96
             212.28,328.63 218.81,325.41 217.89,316.00
             217.11,307.96 208.89,305.65 210.20,301.17
             211.38,297.12 225.76,289.97 223.55,281.00
             221.56,272.91 213.18,274.42 207.00,273.83
             202.22,273.38 200.16,272.57 195.00,273.30
             191.52,273.79 185.21,276.22 183.58,271.25
             182.53,268.01 187.84,266.59 190.00,265.79
             196.02,263.54 204.14,261.08 208.82,256.67
             210.50,255.09 216.66,247.05 211.68,245.87
             209.75,245.41 203.20,249.05 201.00,250.00
             201.00,250.00 201.00,246.00 201.00,246.00
             191.83,247.48 193.51,253.12 182.00,255.00
             182.00,255.00 184.00,237.00 184.00,237.00
             191.25,236.84 212.52,234.45 217.91,230.35
             217.91,230.35 233.44,210.01 233.44,210.01
             233.44,210.01 244.47,199.00 244.47,199.00
             250.03,191.86 250.00,185.55 250.00,177.00
             243.11,179.58 243.96,183.80 238.00,189.00
             237.93,186.96 237.54,180.47 233.68,183.05
             230.98,184.86 231.46,190.70 229.31,195.00
             227.54,198.55 218.90,208.50 215.87,212.00
             213.61,214.62 211.22,217.77 207.96,219.11
             203.49,220.96 186.26,223.99 182.31,221.06
             180.14,219.45 180.20,217.42 180.00,215.00
             183.81,214.56 191.10,211.77 187.99,206.60
             187.31,205.47 185.07,203.86 184.00,202.84 Z
           M 213.00,160.00
           C 213.00,160.00 212.00,186.00 212.00,186.00
             208.51,185.73 204.86,186.15 203.40,190.00
             201.62,194.72 209.40,195.21 211.98,190.85
             213.66,188.01 213.00,173.16 213.00,169.00
             215.71,171.11 218.82,173.34 219.19,177.00
             219.82,179.80 218.37,181.54 219.19,185.00
             225.87,172.38 217.49,172.13 213.00,160.00 Z
           M 169.00,164.00
           C 169.00,164.00 171.00,167.00 171.00,167.00
             171.00,167.00 175.00,165.00 175.00,165.00
             175.00,165.00 181.00,166.00 181.00,166.00
             181.00,166.00 185.00,169.00 185.00,169.00
             186.76,175.97 189.79,181.25 189.99,189.00
             190.04,191.09 190.27,195.77 188.98,197.40
             186.79,200.17 180.52,197.82 179.45,201.31
             178.59,204.14 182.15,206.59 184.00,208.00
             184.00,208.00 184.00,210.00 184.00,210.00
             178.80,211.70 175.27,213.63 176.24,220.00
             177.71,229.59 188.44,226.58 195.00,226.00
             198.65,225.68 209.05,223.80 211.96,222.07
             214.60,220.50 217.79,216.42 219.87,214.00
             224.52,208.57 231.12,201.32 234.00,195.00
             240.24,195.11 240.39,192.78 245.00,189.00
             241.12,199.13 238.63,198.04 232.67,205.09
             232.67,205.09 223.51,217.00 223.51,217.00
             220.24,221.36 218.27,226.09 213.00,228.57
             208.21,230.83 202.13,230.66 197.00,231.17
             197.00,231.17 180.00,234.00 180.00,234.00
             180.00,234.00 178.00,256.00 178.00,256.00
             173.89,256.19 159.74,258.71 157.18,255.43
             153.66,250.92 160.39,246.18 153.00,242.00
             152.65,246.30 150.62,255.14 153.60,258.57
             156.43,261.83 165.00,261.19 169.00,260.72
             169.00,260.72 186.00,258.21 186.00,258.21
             186.00,258.21 194.00,255.09 194.00,255.09
             194.00,255.09 200.00,254.33 200.00,254.33
             200.00,254.33 209.00,251.00 209.00,251.00
             204.75,256.32 200.22,258.02 194.00,260.32
             187.63,262.68 171.58,266.60 165.00,266.90
             165.00,266.90 158.00,266.37 158.00,266.37
             152.85,266.12 143.20,269.38 140.72,262.89
             139.61,260.41 140.53,256.62 140.72,254.00
             141.55,248.11 144.21,230.30 147.51,226.17
             151.68,220.95 159.25,219.40 161.81,213.98
             164.18,208.95 160.12,206.42 156.00,205.00
             156.00,205.00 149.16,194.00 149.16,194.00
             149.16,194.00 150.00,178.00 150.00,178.00
             157.98,174.32 154.45,173.43 158.56,169.74
             161.35,167.24 163.33,168.37 169.00,164.00 Z
           M 375.00,306.00
           C 383.58,305.81 385.45,303.27 389.00,303.86
             394.11,304.70 402.31,314.37 406.36,310.36
             408.57,308.18 406.36,305.41 404.77,303.73
             400.03,298.72 394.04,295.61 389.76,289.99
             383.85,282.22 381.43,272.10 378.40,263.00
             378.40,263.00 367.82,239.00 367.82,239.00
             366.58,236.29 363.69,231.26 361.74,229.10
             359.09,226.18 356.52,225.27 355.01,222.79
             355.01,222.79 351.25,210.00 351.25,210.00
             350.78,205.13 353.30,203.39 352.96,195.00
             352.82,191.42 352.05,188.39 350.97,185.00
             348.09,175.94 344.53,173.67 335.00,174.04
             316.94,174.75 311.80,191.61 312.00,207.00
             312.05,210.42 312.17,213.90 314.65,216.57
             317.44,219.59 323.56,219.45 321.83,224.03
             319.41,230.43 305.36,234.21 306.45,242.00
             307.10,246.64 316.90,259.28 318.02,265.00
             318.88,269.44 315.67,277.79 314.00,282.00
             314.00,282.00 312.00,282.00 312.00,282.00
             309.48,276.14 303.21,264.37 297.96,261.00
             291.61,256.93 287.47,259.80 281.00,253.00
             281.00,253.00 285.00,252.00 285.00,252.00
             285.00,252.00 285.00,242.00 285.00,242.00
             285.00,242.00 288.00,243.00 288.00,243.00
             288.00,243.00 286.00,221.00 286.00,221.00
             268.71,209.21 250.85,215.92 244.91,236.00
             243.87,239.53 242.08,246.47 242.08,250.00
             242.08,250.00 242.82,260.00 242.82,260.00
             241.34,280.73 242.77,288.88 251.00,308.00
             245.08,308.00 238.31,306.38 233.00,308.80
             224.00,312.91 226.01,325.03 232.11,330.79
             235.65,334.13 238.01,334.20 242.00,336.03
             251.95,340.59 249.76,340.39 261.00,342.42
             279.62,345.79 304.86,350.25 313.32,328.00
             314.86,323.94 315.55,322.37 316.00,318.00
             326.54,318.00 344.39,318.35 351.44,308.90
             355.79,303.06 353.76,289.01 353.17,282.00
             352.82,277.74 353.78,275.11 353.98,271.00
             353.98,271.00 353.98,254.00 353.98,254.00
             353.98,254.00 371.19,282.00 371.19,282.00
             371.19,282.00 378.71,295.00 378.71,295.00
             378.71,295.00 375.00,306.00 375.00,306.00 Z
           M 269.00,178.00
           C 269.00,178.00 262.49,184.40 262.49,184.40
             262.49,184.40 254.00,187.00 254.00,187.00
             254.00,187.00 259.49,194.46 259.49,194.46
             259.49,194.46 258.00,203.00 258.00,203.00
             258.00,203.00 267.00,200.78 267.00,200.78
             267.00,200.78 275.00,204.00 275.00,204.00
             275.00,204.00 276.00,203.00 276.00,203.00
             276.00,203.00 274.78,195.09 274.78,195.09
             274.78,195.09 280.00,187.00 280.00,187.00
             272.51,184.84 270.92,186.95 269.00,178.00 Z
           M 318.00,255.00
           C 315.90,251.36 309.24,242.98 311.08,239.18
             313.08,235.05 328.66,228.66 326.67,220.11
             325.34,214.41 318.67,217.79 315.89,210.96
             312.70,203.10 319.47,184.11 326.05,179.74
             329.16,177.67 333.40,177.94 337.00,178.00
             354.97,178.33 347.18,203.11 347.69,211.00
             347.69,211.00 351.00,225.00 351.00,225.00
             348.43,222.83 344.90,213.45 344.00,210.00
             336.05,212.72 333.83,218.20 339.53,224.89
             346.42,232.98 353.27,225.32 359.40,232.15
             363.50,236.70 365.45,242.51 367.86,248.00
             367.86,248.00 375.31,266.00 375.31,266.00
             375.31,266.00 381.91,284.00 381.91,284.00
             387.65,296.13 396.03,298.85 402.00,307.00
             391.96,301.71 393.09,298.08 381.00,302.00
             381.00,302.00 382.89,296.58 382.89,296.58
             382.89,296.58 375.61,282.00 375.61,282.00
             375.61,282.00 355.00,246.00 355.00,246.00
             349.78,250.44 349.88,255.54 350.01,262.00
             350.01,262.00 350.01,285.00 350.01,285.00
             350.01,291.31 352.26,299.46 349.31,304.91
             345.71,311.59 334.12,314.67 327.00,314.96
             323.30,315.11 319.59,314.89 316.00,314.00
             317.18,303.38 314.42,295.09 313.00,285.00
             313.00,285.00 319.83,279.00 319.83,279.00
             319.83,279.00 321.73,269.00 321.73,269.00
             321.73,269.00 323.00,244.00 323.00,244.00
             317.93,247.18 319.95,250.14 318.00,255.00 Z
           M 298.00,181.00
           C 298.00,181.00 297.00,202.00 297.00,202.00
             291.54,202.64 290.19,203.56 289.00,209.00
             296.94,210.66 297.95,206.98 298.00,200.00
             298.00,200.00 298.00,188.00 298.00,188.00
             306.30,194.77 301.73,195.15 303.00,202.00
             307.36,192.59 302.82,189.00 298.00,181.00 Z
           M 201.00,184.00
           C 201.00,184.00 200.00,184.00 200.00,184.00
             200.00,184.00 201.00,185.00 201.00,185.00
             201.00,185.00 201.00,184.00 201.00,184.00 Z
           M 267.00,185.00
           C 269.72,188.00 269.93,188.33 274.00,189.00
             274.00,189.00 271.00,198.00 271.00,198.00
             266.98,195.96 267.10,196.14 263.00,198.00
             263.51,192.90 263.04,192.99 260.00,189.00
             260.00,189.00 266.00,189.00 266.00,189.00
             266.00,189.00 267.00,185.00 267.00,185.00 Z
           M 340.00,215.00
           C 340.00,215.00 342.00,215.00 342.00,215.00
             342.00,215.00 345.00,225.00 345.00,225.00
             340.57,222.32 340.17,220.92 339.00,216.00
             339.00,216.00 340.00,215.00 340.00,215.00 Z
           M 260.00,292.00
           C 260.00,292.00 265.73,276.00 265.73,276.00
             267.00,272.92 268.99,269.41 268.08,266.00
             264.22,251.55 252.43,266.75 247.16,257.85
             245.23,254.23 246.45,248.92 247.16,245.00
             248.35,235.47 253.68,222.21 264.00,219.56
             268.27,218.46 273.86,219.73 278.00,221.00
             278.00,221.00 277.00,225.00 277.00,225.00
             277.00,225.00 280.00,226.00 280.00,226.00
             279.27,231.32 281.38,232.46 284.00,237.00
             280.37,240.68 281.90,240.52 280.50,244.72
             279.32,248.24 275.94,252.72 278.69,256.47
             283.37,262.87 293.42,259.53 300.49,269.09
             309.84,281.74 310.45,289.13 312.28,304.00
             313.55,314.28 312.78,326.93 304.79,334.67
             301.55,337.81 297.26,339.37 293.00,340.57
             288.99,341.70 286.17,342.12 282.00,341.96
             269.55,341.48 247.63,336.15 237.02,329.65
             232.35,326.79 226.68,318.34 232.31,313.60
             234.55,311.71 238.23,312.01 241.00,312.00
             241.00,312.00 246.00,312.00 246.00,312.00
             246.00,312.00 270.00,314.81 270.00,314.81
             278.55,314.09 284.70,309.13 284.03,300.00
             283.77,296.41 280.44,288.20 276.16,288.20
             273.94,288.20 271.84,291.42 270.63,293.00
             268.28,296.06 262.49,304.77 259.00,305.66
             254.44,306.82 251.84,300.23 250.58,297.00
             247.84,289.95 244.21,272.04 247.00,265.00
             249.00,273.75 252.77,286.52 260.00,292.00 Z
           M 227.00,232.00
           C 227.00,232.00 225.00,232.00 225.00,232.00
             221.45,240.27 222.68,240.96 213.00,241.00
             213.00,241.00 218.54,248.51 218.54,248.51
             218.54,248.51 217.00,257.00 217.00,257.00
             217.00,257.00 226.00,254.91 226.00,254.91
             226.00,254.91 235.00,258.00 235.00,258.00
             235.00,258.00 232.00,248.00 232.00,248.00
             235.90,245.97 237.57,245.31 239.00,241.00
             229.55,240.96 230.63,240.22 227.00,232.00 Z
           M 225.00,240.00
           C 225.00,240.00 232.00,244.00 232.00,244.00
             232.00,244.00 230.00,252.00 230.00,252.00
             226.40,250.73 225.60,250.73 222.00,252.00
             222.45,247.63 222.38,247.67 220.00,244.00
             220.00,244.00 225.00,240.00 225.00,240.00 Z
           M 121.00,279.00
           C 125.26,275.88 128.63,272.46 129.48,267.00
             130.62,259.75 123.16,250.81 116.00,250.11
             107.08,249.24 103.87,255.15 100.22,262.00
             100.22,262.00 91.31,279.00 91.31,279.00
             91.31,279.00 86.22,291.00 86.22,291.00
             84.39,294.80 78.40,306.90 73.11,304.83
             67.14,302.50 69.46,294.16 71.52,290.00
             74.07,284.84 76.01,284.24 78.00,278.00
             71.89,277.25 69.18,282.09 66.52,287.00
             60.78,297.58 66.31,311.53 77.00,316.82
             84.44,320.51 90.86,312.81 94.10,307.00
             94.10,307.00 100.25,294.00 100.25,294.00
             100.25,294.00 118.00,256.00 118.00,256.00
             119.43,256.77 120.61,257.31 121.87,258.41
             130.66,266.13 120.90,271.15 121.00,279.00 Z
           M 251.00,265.00
           C 251.00,265.00 263.00,262.00 263.00,262.00
             263.72,263.94 264.58,265.88 264.58,268.00
             264.58,271.50 260.12,282.03 258.00,285.00
             258.00,285.00 251.00,265.00 251.00,265.00 Z
           M 153.00,270.92
           C 153.00,270.92 165.00,270.92 165.00,270.92
             165.00,270.92 179.00,269.00 179.00,269.00
             180.51,283.14 190.30,277.42 200.00,277.04
             204.56,276.86 205.88,277.42 210.00,277.83
             212.59,278.09 216.42,277.78 218.40,279.74
             220.87,282.18 219.46,285.65 217.69,288.00
             214.66,291.99 206.32,300.21 201.00,299.16
             192.80,297.53 188.88,289.79 180.00,291.00
             187.63,297.20 190.36,297.03 198.00,300.94
             200.29,302.11 203.77,304.94 206.00,306.58
             209.25,308.95 213.59,311.65 214.24,316.00
             215.23,322.57 207.36,325.82 202.00,325.74
             192.80,325.60 183.81,321.90 175.00,319.63
             170.51,318.47 162.65,317.10 159.00,314.86
             141.22,303.93 150.82,286.43 153.00,270.92 Z
           M 409.00,271.50
           C 387.53,275.51 400.68,306.92 419.00,305.89
             429.50,305.31 434.41,298.86 429.97,289.00
             426.00,280.19 419.22,271.94 409.00,271.50 Z
           M 410.45,278.04
           C 416.15,276.29 420.86,282.25 423.22,287.00
             423.94,288.84 425.32,292.37 423.22,293.96
             421.49,295.48 417.86,294.29 416.09,293.15
             411.76,290.35 406.59,282.60 410.45,278.04 Z
           M 136.00,319.00
           C 136.00,319.00 130.53,310.00 130.53,310.00
             129.75,306.26 135.36,301.56 135.73,296.00
             135.93,293.04 134.46,289.91 130.98,291.17
             127.28,292.50 122.85,299.56 119.00,300.33
             116.34,300.87 113.23,298.06 108.00,297.00
             110.18,300.98 111.91,302.15 116.00,304.00
             110.23,312.61 96.20,325.35 96.18,336.00
             96.18,338.01 96.71,340.11 97.39,342.00
             102.73,356.88 118.31,347.74 122.00,337.00
             113.34,340.31 113.63,343.02 102.00,344.00
             107.89,334.23 119.04,321.35 127.00,313.00
             127.00,313.00 136.00,319.00 136.00,319.00 Z
           M 275.00,292.00
           C 275.00,292.00 277.00,292.00 277.00,292.00
             278.28,294.15 279.22,295.47 279.73,298.00
             282.33,310.98 271.82,312.39 262.00,310.00
             262.00,310.00 275.00,292.00 275.00,292.00 Z
           M 361.08,306.49
           C 349.52,311.46 363.04,324.29 365.60,332.00
             368.24,339.98 355.42,346.25 362.01,356.98
             364.60,361.21 369.05,363.64 374.00,363.49
             376.94,363.67 379.48,362.39 381.91,363.49
             385.48,364.69 393.61,379.27 396.26,367.98
             396.50,366.61 396.42,365.38 396.26,364.00
             396.07,359.66 395.51,356.08 393.93,352.00
             393.93,352.00 374.19,319.00 374.19,319.00
             371.16,314.18 367.43,306.45 361.08,306.49 Z
           M 396.00,309.00
           C 396.00,309.00 393.05,308.00 393.05,308.00
             386.21,307.01 391.05,316.01 395.00,311.41
             395.80,310.48 395.80,309.57 396.00,309.00 Z
           M 394.00,317.00
           C 395.19,322.86 397.50,325.24 400.86,330.00
             400.86,330.00 406.38,337.98 406.38,337.98
             408.91,341.05 412.83,344.43 416.98,344.73
             419.50,344.92 422.14,343.86 422.14,340.94
             422.14,337.54 417.29,333.39 415.09,331.00
             411.30,326.89 404.60,316.22 399.00,315.81
             397.26,315.68 395.60,316.44 394.00,317.00 Z
           M 137.00,338.31
           C 128.76,340.87 121.44,348.02 121.05,357.00
             120.76,363.54 124.87,374.07 133.00,372.59
             140.81,371.17 150.10,360.47 152.07,353.00
             153.76,346.59 151.06,339.50 144.00,338.31
             141.67,337.81 139.31,338.08 137.00,338.31 Z
           M 369.00,339.00
           C 370.92,340.92 371.45,341.67 372.85,344.02
             373.86,345.71 375.94,349.07 376.04,350.98
             376.21,354.26 373.06,356.30 370.11,354.92
             367.51,353.71 365.56,349.79 365.60,347.00
             365.64,344.20 367.62,341.35 369.00,339.00 Z
           M 347.00,382.00
           C 350.19,391.28 357.99,391.55 359.53,384.98
             360.30,381.70 358.11,376.16 356.95,373.00
             355.23,368.32 348.99,351.21 345.62,348.89
             343.47,347.41 341.41,347.79 339.00,348.00
             339.00,348.00 341.20,360.00 341.20,360.00
             341.20,360.00 342.89,368.00 342.89,368.00
             343.32,369.72 344.52,373.34 344.36,374.94
             344.03,378.40 341.10,378.75 338.70,375.84
             338.70,375.84 330.04,357.06 330.04,357.06
             328.80,355.32 326.00,352.40 323.64,354.08
             321.34,355.71 323.85,364.55 324.48,367.00
             327.39,378.30 334.18,387.90 347.00,382.00 Z
           M 142.96,347.92
           C 154.14,348.57 141.69,363.73 136.06,364.68
             132.52,365.28 131.93,361.65 132.36,359.00
             133.25,353.56 138.10,349.73 142.96,347.92 Z
           M 319.00,365.00
           C 316.61,365.02 311.35,365.65 309.56,364.23
             306.25,361.61 307.55,351.81 300.96,350.02
             299.64,349.68 298.32,349.92 297.00,350.02
             297.00,350.02 295.98,365.70 295.98,365.70
             295.98,365.70 288.00,372.00 288.00,372.00
             290.60,371.95 295.28,371.11 296.98,373.40
             297.98,374.75 298.44,380.06 298.75,382.00
             299.59,387.12 301.00,396.71 303.53,400.96
             309.06,410.23 322.84,410.53 324.20,401.98
             324.20,401.98 324.20,387.00 324.20,387.00
             324.20,387.00 322.00,387.00 322.00,387.00
             321.48,393.20 319.71,400.68 314.00,404.00
             314.00,404.00 312.30,395.00 312.30,395.00
             312.30,395.00 310.78,381.00 310.78,381.00
             310.78,381.00 310.78,371.23 310.78,371.23
             310.78,371.23 319.00,365.00 319.00,365.00 Z
           M 277.00,365.00
           C 276.38,360.96 275.21,355.34 271.78,352.73
             266.07,348.41 253.50,350.35 251.61,358.00
             250.76,361.46 252.36,366.74 253.62,370.00
             253.62,370.00 267.25,396.00 267.25,396.00
             268.88,399.26 273.88,407.15 270.40,410.36
             268.09,412.49 264.96,410.45 263.10,408.77
             256.15,402.50 259.51,396.49 252.00,394.00
             252.16,401.19 253.95,409.88 261.02,413.43
             267.58,416.74 282.95,417.76 284.52,407.98
             285.36,402.74 280.55,394.49 278.00,390.00
             278.00,390.00 268.58,372.00 268.58,372.00
             265.47,366.50 261.17,360.14 260.00,354.00
             264.54,353.63 267.26,353.33 270.58,357.13
             273.66,360.66 272.31,363.18 277.00,365.00 Z
           M 173.00,356.00
           C 171.44,353.39 168.83,350.97 165.61,353.01
             163.83,354.13 161.79,358.12 160.72,360.00
             160.72,360.00 151.26,377.00 151.26,377.00
             149.95,379.78 148.45,382.92 150.04,385.82
             152.59,390.79 156.69,388.68 159.68,385.82
             164.57,380.80 169.06,371.42 171.70,365.00
             172.37,363.37 174.41,358.31 176.97,359.96
             180.57,362.29 175.79,366.78 178.00,376.00
             179.96,375.39 180.85,375.34 182.35,373.69
             185.28,370.46 186.14,361.86 183.26,358.43
             180.70,355.37 176.54,355.66 173.00,356.00 Z
           M 192.00,356.00
           C 186.94,365.92 190.28,379.76 201.00,384.00
             201.00,384.00 192.56,408.00 192.56,408.00
             191.72,410.64 190.38,415.18 192.56,417.35
             196.07,420.40 201.36,414.49 203.04,411.99
             206.32,407.08 212.44,389.36 214.48,383.00
             215.39,380.16 217.14,369.79 216.82,367.04
             216.53,364.66 214.96,362.18 212.19,362.82
             208.76,363.62 204.20,376.56 203.00,380.00
             191.84,371.52 198.56,363.12 192.00,356.00 Z" />
</svg>
