<?xml version="1.0" encoding="UTF-8" standalone="no"?>
<!DOCTYPE svg PUBLIC "-//W3C//DTD SVG 20010904//EN"
              "http://www.w3.org/TR/2001/REC-SVG-20010904/DTD/svg10.dtd">

<svg xmlns="http://www.w3.org/2000/svg"
     width="6.4in" height="3.6in"
     viewBox="0 0 1920 1080">
  <path id="Selection"
        fill="none" stroke="black" stroke-width="1"
        d="M 954.00,291.42
           C 954.00,291.42 977.00,292.00 977.00,292.00
             992.13,292.07 1016.30,297.28 1031.00,301.58
             1112.05,325.27 1176.40,389.84 1199.71,471.00
             1203.85,485.43 1208.82,509.17 1209.04,524.00
             1209.04,524.00 1209.04,533.00 1209.04,533.00
             1209.04,533.00 1209.92,541.00 1209.92,541.00
             1209.92,541.00 1209.00,554.00 1209.00,554.00
             1208.98,565.53 1206.79,581.67 1204.34,593.00
             1185.96,677.84 1125.35,748.07 1043.00,776.66
             1026.08,782.53 995.69,789.79 978.00,790.00
             978.00,790.00 962.00,790.96 962.00,790.96
             962.00,790.96 942.00,790.00 942.00,790.00
             921.28,789.75 887.36,780.97 868.00,773.20
             841.38,762.52 815.32,747.09 794.00,727.83
             754.27,691.95 726.04,644.66 715.45,592.00
             713.13,580.47 711.02,565.69 711.00,554.00
             711.00,554.00 710.08,541.00 710.08,541.00
             710.08,541.00 710.96,533.00 710.96,533.00
             710.96,533.00 710.96,524.00 710.96,524.00
             711.30,498.55 721.57,462.27 731.86,439.00
             760.93,373.24 819.26,322.42 888.00,301.72
             901.75,297.58 928.93,292.07 943.00,292.00
             947.63,291.98 949.28,292.09 954.00,291.42 Z
           M 957.00,360.23
           C 956.69,358.69 956.46,357.36 955.87,356.13
             951.92,347.95 945.18,359.58 954.02,360.23
             955.39,360.60 956.02,360.20 957.00,360.23 Z
           M 1001.00,385.00
           C 1012.35,378.38 1006.17,359.30 991.00,362.39
             986.41,363.33 981.30,366.78 978.04,370.04
             970.46,377.63 965.06,393.68 969.53,404.00
             973.12,412.28 984.79,422.12 993.96,416.11
             998.41,413.19 1003.77,402.18 1005.00,397.00
             999.36,399.79 998.86,402.89 994.99,404.24
             989.70,406.09 987.04,401.18 985.55,397.00
             982.84,389.40 985.50,381.81 991.18,376.30
             995.20,372.40 1001.86,369.31 1001.77,378.00
             1001.77,378.00 1001.00,385.00 1001.00,385.00 Z
           M 950.31,366.62
           C 947.33,369.09 948.07,371.29 947.67,375.00
             946.83,380.60 946.42,396.84 947.67,402.00
             948.81,406.08 952.25,413.43 957.77,410.72
             962.08,408.61 960.52,402.67 959.92,399.00
             959.92,399.00 958.15,375.00 958.15,375.00
             957.49,369.72 956.82,365.60 950.31,366.62 Z
           M 927.00,378.00
           C 926.37,374.14 925.46,370.47 921.81,368.31
             916.57,365.21 906.22,367.82 904.43,374.04
             902.37,381.22 907.08,386.93 913.00,390.20
             915.64,391.66 920.61,393.30 921.87,396.13
             923.43,399.63 919.53,404.38 916.00,404.60
             913.55,404.75 910.08,402.25 908.00,401.00
             911.06,415.35 937.49,421.66 938.90,401.00
             939.47,392.81 934.57,386.78 927.00,384.11
             923.61,382.91 919.04,383.10 916.97,379.77
             915.30,377.15 916.43,373.80 916.97,371.00
             916.97,371.00 927.00,378.00 927.00,378.00 Z
           M 897.00,428.00
           C 898.81,431.35 900.43,433.94 904.00,435.69
             909.82,438.53 914.62,435.43 914.63,429.00
             914.64,424.84 911.49,419.51 909.40,416.00
             909.40,416.00 893.56,392.04 893.56,392.04
             891.45,388.92 886.75,383.13 882.99,382.33
             874.93,380.62 876.62,387.56 878.76,392.00
             878.76,392.00 891.19,418.00 891.19,418.00
             892.32,420.73 893.06,425.33 888.89,425.95
             885.99,426.38 883.00,422.97 881.32,421.00
             881.32,421.00 866.00,400.02 866.00,400.02
             863.89,397.51 857.82,392.01 855.15,397.31
             853.93,399.75 859.02,410.29 860.37,413.00
             862.87,418.02 867.54,426.11 872.04,429.35
             876.22,432.36 886.19,432.96 891.00,431.28
             892.97,430.59 895.18,429.09 897.00,428.00 Z
           M 1025.00,431.00
           C 1023.18,433.72 1018.67,438.91 1018.53,441.96
             1018.27,447.39 1027.58,450.73 1032.00,449.68
             1037.50,448.38 1043.75,438.57 1047.12,434.00
             1053.92,424.76 1058.00,419.09 1061.21,408.00
             1062.42,404.14 1063.68,399.77 1061.21,396.15
             1059.24,393.42 1053.63,392.54 1050.00,390.60
             1045.61,388.26 1042.96,387.82 1038.00,388.04
             1027.59,388.49 1015.25,397.32 1011.56,407.00
             1009.11,413.42 1009.29,426.04 1016.10,429.83
             1018.61,431.22 1022.19,430.99 1025.00,431.00 Z
           M 1052.00,395.00
           C 1050.80,400.67 1048.54,402.64 1044.92,407.00
             1044.92,407.00 1038.25,414.98 1038.25,414.98
             1036.10,417.47 1026.06,426.24 1024.34,418.77
             1023.46,414.99 1027.09,409.84 1029.24,407.00
             1035.71,398.44 1040.74,392.26 1052.00,395.00 Z
           M 834.00,430.00
           C 834.00,430.00 853.00,444.40 853.00,444.40
             853.00,444.40 866.00,453.38 866.00,453.38
             868.08,455.00 871.43,458.61 874.00,458.95
             877.68,459.43 888.54,451.40 878.89,441.04
             873.69,435.46 863.30,429.22 857.00,424.34
             848.58,417.80 844.34,411.92 834.00,407.35
             828.72,405.01 823.70,404.33 819.57,409.21
             818.48,410.50 817.58,412.12 817.51,413.83
             817.41,416.42 822.19,424.63 823.69,427.00
             823.69,427.00 833.00,441.00 833.00,441.00
             833.00,441.00 806.00,436.01 806.00,436.01
             803.80,435.96 800.09,435.89 798.10,436.74
             794.00,438.48 792.12,443.77 794.83,447.49
             796.56,449.86 806.97,457.10 810.00,459.37
             815.95,463.83 831.73,477.22 837.00,479.58
             844.20,482.81 848.40,477.68 846.35,471.00
             844.54,465.11 837.58,460.47 833.00,456.57
             833.00,456.57 818.00,444.00 818.00,444.00
             823.63,445.03 842.50,450.35 839.36,439.00
             839.01,437.72 838.29,436.15 837.64,435.00
             836.60,433.17 835.32,431.63 834.00,430.00 Z
           M 1092.00,405.00
           C 1085.57,407.17 1079.10,413.36 1074.00,417.85
             1065.70,425.15 1057.63,432.91 1050.09,441.00
             1046.03,445.36 1042.62,450.19 1038.00,454.00
             1040.75,465.88 1049.87,459.49 1056.00,454.54
             1066.47,446.08 1077.58,438.40 1086.25,428.00
             1092.62,420.34 1096.60,414.92 1092.00,405.00 Z
           M 816.00,443.00
           C 816.00,443.00 817.00,443.00 817.00,443.00
             817.00,443.00 816.00,444.00 816.00,444.00
             816.00,444.00 816.00,443.00 816.00,443.00 Z
           M 939.00,448.00
           C 939.00,448.00 938.00,448.00 938.00,448.00
             938.00,448.00 939.00,449.00 939.00,449.00
             939.00,449.00 939.00,448.00 939.00,448.00 Z
           M 951.00,448.00
           C 951.00,448.00 950.00,448.00 950.00,448.00
             950.00,448.00 951.00,449.00 951.00,449.00
             951.00,449.00 951.00,448.00 951.00,448.00 Z
           M 954.00,448.00
           C 954.00,448.00 953.00,448.00 953.00,448.00
             953.00,448.00 954.00,449.00 954.00,449.00
             954.00,449.00 954.00,448.00 954.00,448.00 Z
           M 931.00,449.00
           C 931.00,449.00 927.00,451.00 927.00,451.00
             927.00,451.00 931.00,449.00 931.00,449.00 Z
           M 937.00,449.00
           C 937.00,449.00 936.00,449.00 936.00,449.00
             936.00,449.00 937.00,450.00 937.00,450.00
             937.00,450.00 937.00,449.00 937.00,449.00 Z
           M 972.00,449.00
           C 972.00,449.00 971.00,449.00 971.00,449.00
             971.00,449.00 972.00,450.00 972.00,450.00
             972.00,450.00 972.00,449.00 972.00,449.00 Z
           M 966.00,453.00
           C 966.00,453.00 965.00,453.00 965.00,453.00
             965.00,453.00 966.00,454.00 966.00,454.00
             966.00,454.00 966.00,453.00 966.00,453.00 Z
           M 959.00,456.00
           C 959.00,456.00 952.00,471.00 952.00,471.00
             952.00,471.00 951.00,469.00 951.00,469.00
             951.00,469.00 952.00,466.00 952.00,466.00
             948.08,467.26 947.76,467.05 945.00,464.00
             938.02,463.30 935.04,459.35 927.09,465.68
             924.29,467.92 921.93,471.10 925.00,474.00
             920.11,481.70 918.45,486.32 927.00,492.00
             915.02,493.01 906.70,498.17 902.91,510.00
             901.03,515.89 901.04,523.81 907.00,527.00
             907.00,513.81 906.07,505.35 920.00,498.38
             926.79,494.98 933.52,496.22 937.60,490.89
             939.09,488.94 939.24,487.37 939.07,485.00
             938.58,478.14 933.76,474.19 927.00,475.00
             938.29,454.50 951.24,490.03 967.82,480.55
             973.32,477.40 972.90,469.78 975.00,464.00
             975.00,464.00 972.00,465.00 972.00,465.00
             972.00,465.00 972.00,461.00 972.00,461.00
             969.40,460.31 970.30,459.17 971.00,457.00
             967.07,457.39 962.51,457.95 959.00,456.00 Z
           M 882.00,458.00
           C 879.48,464.35 883.51,468.70 875.00,469.00
             876.64,473.25 877.58,473.48 882.00,474.00
             882.00,474.00 883.00,483.00 883.00,483.00
             883.00,483.00 888.00,476.00 888.00,476.00
             888.00,476.00 897.00,477.00 897.00,477.00
             897.00,477.00 894.24,469.91 894.24,469.91
             894.24,469.91 896.00,462.00 896.00,462.00
             887.85,464.88 889.34,465.59 882.00,458.00 Z
           M 956.00,458.00
           C 956.00,458.00 955.00,458.00 955.00,458.00
             955.00,458.00 956.00,459.00 956.00,459.00
             956.00,459.00 956.00,458.00 956.00,458.00 Z
           M 936.00,459.00
           C 936.00,459.00 935.00,459.00 935.00,459.00
             935.00,459.00 936.00,460.00 936.00,460.00
             936.00,460.00 936.00,459.00 936.00,459.00 Z
           M 977.00,459.00
           C 977.00,459.00 976.00,459.00 976.00,459.00
             976.00,459.00 977.00,460.00 977.00,460.00
             977.00,460.00 977.00,459.00 977.00,459.00 Z
           M 986.00,465.00
           C 987.80,473.29 984.15,472.72 983.87,476.85
             983.68,479.65 986.56,479.85 988.58,478.24
             990.33,476.85 991.16,474.13 991.52,472.00
             992.94,463.57 986.63,455.49 982.08,461.31
             981.12,462.55 980.53,464.54 980.00,466.00
             980.00,466.00 977.00,465.00 977.00,465.00
             977.00,465.00 979.00,473.00 979.00,473.00
             979.00,473.00 978.00,473.00 978.00,473.00
             978.00,473.00 976.00,475.00 976.00,475.00
             980.67,484.71 962.71,483.79 975.00,491.00
             975.00,491.00 978.00,490.00 978.00,490.00
             978.00,490.00 986.00,465.00 986.00,465.00 Z
           M 946.00,460.00
           C 946.00,460.00 945.00,460.00 945.00,460.00
             945.00,460.00 946.00,461.00 946.00,461.00
             946.00,461.00 946.00,460.00 946.00,460.00 Z
           M 955.00,460.00
           C 955.00,460.00 954.00,460.00 954.00,460.00
             954.00,460.00 955.00,461.00 955.00,461.00
             955.00,461.00 955.00,460.00 955.00,460.00 Z
           M 973.00,460.00
           C 973.00,460.00 972.00,460.00 972.00,460.00
             972.00,460.00 973.00,461.00 973.00,461.00
             973.00,461.00 973.00,460.00 973.00,460.00 Z
           M 976.00,460.00
           C 976.00,460.00 975.00,460.00 975.00,460.00
             975.00,460.00 976.00,461.00 976.00,461.00
             976.00,461.00 976.00,460.00 976.00,460.00 Z
           M 945.00,461.00
           C 945.00,461.00 944.00,461.00 944.00,461.00
             944.00,461.00 945.00,462.00 945.00,462.00
             945.00,462.00 945.00,461.00 945.00,461.00 Z
           M 954.00,461.00
           C 954.00,461.00 953.00,461.00 953.00,461.00
             953.00,461.00 954.00,462.00 954.00,462.00
             954.00,462.00 954.00,461.00 954.00,461.00 Z
           M 1068.00,462.00
           C 1068.00,462.00 1067.00,462.00 1067.00,462.00
             1067.00,462.00 1068.00,463.00 1068.00,463.00
             1068.00,463.00 1068.00,462.00 1068.00,462.00 Z
           M 924.00,463.00
           C 924.00,463.00 923.00,463.00 923.00,463.00
             923.00,463.00 924.00,464.00 924.00,464.00
             924.00,464.00 924.00,463.00 924.00,463.00 Z
           M 928.00,463.00
           C 928.00,463.00 927.00,463.00 927.00,463.00
             927.00,463.00 928.00,464.00 928.00,464.00
             928.00,464.00 928.00,463.00 928.00,463.00 Z
           M 980.00,463.00
           C 980.00,463.00 979.00,463.00 979.00,463.00
             979.00,463.00 980.00,464.00 980.00,464.00
             980.00,464.00 980.00,463.00 980.00,463.00 Z
           M 960.00,463.00
           C 964.73,463.38 965.78,463.69 968.00,468.00
             968.00,468.00 960.00,467.00 960.00,467.00
             960.00,467.00 960.00,463.00 960.00,463.00 Z
           M 950.00,465.00
           C 950.00,465.00 949.00,465.00 949.00,465.00
             949.00,465.00 950.00,466.00 950.00,466.00
             950.00,466.00 950.00,465.00 950.00,465.00 Z
           M 982.00,497.00
           C 983.38,494.44 984.25,492.93 986.47,490.93
             998.03,480.49 1009.53,488.49 1023.00,487.14
             1025.50,486.89 1027.69,486.74 1029.98,485.55
             1032.04,484.47 1033.55,483.09 1034.55,480.96
             1042.20,464.51 1009.99,458.34 1012.15,474.00
             1012.66,477.69 1015.11,480.58 1019.00,480.75
             1022.49,480.90 1026.67,478.07 1025.34,474.14
             1024.47,471.53 1021.29,470.85 1019.00,470.00
             1021.78,469.77 1025.43,469.67 1027.69,471.60
             1031.06,474.48 1030.21,480.37 1023.98,482.35
             1019.12,483.90 1012.11,481.24 1007.00,480.44
             1000.12,479.36 993.28,480.28 987.04,483.43
             982.35,485.80 972.41,493.86 982.00,497.00 Z
           M 998.00,468.00
           C 998.00,468.00 997.00,468.00 997.00,468.00
             997.00,468.00 998.00,469.00 998.00,469.00
             998.00,469.00 998.00,468.00 998.00,468.00 Z
           M 1000.00,468.00
           C 1000.00,468.00 999.00,468.00 999.00,468.00
             999.00,468.00 1000.00,469.00 1000.00,469.00
             1000.00,469.00 1000.00,468.00 1000.00,468.00 Z
           M 978.00,469.00
           C 978.00,469.00 979.00,469.00 979.00,469.00
             979.00,469.00 978.00,470.00 978.00,470.00
             978.00,470.00 978.00,469.00 978.00,469.00 Z
           M 941.00,471.00
           C 941.00,471.00 940.00,471.00 940.00,471.00
             940.00,471.00 941.00,472.00 941.00,472.00
             941.00,472.00 941.00,471.00 941.00,471.00 Z
           M 1017.00,470.00
           C 1017.00,470.00 1016.00,474.00 1016.00,474.00
             1016.00,474.00 1017.00,470.00 1017.00,470.00 Z
           M 1039.00,473.00
           C 1039.00,473.00 1038.00,473.00 1038.00,473.00
             1038.00,473.00 1039.00,474.00 1039.00,474.00
             1039.00,474.00 1039.00,473.00 1039.00,473.00 Z
           M 901.00,494.00
           C 907.05,492.99 908.81,488.57 906.34,483.04
             905.30,480.73 902.17,477.25 899.31,477.87
             897.13,478.35 897.09,481.27 896.85,483.00
             896.85,483.00 895.28,496.00 895.28,496.00
             894.64,497.92 892.57,500.72 893.32,502.68
             894.15,504.85 899.31,506.15 899.99,499.00
             899.99,499.00 899.99,493.00 899.99,493.00
             900.20,489.39 900.87,486.41 902.00,483.00
             902.00,483.00 901.00,494.00 901.00,494.00 Z
           M 926.00,482.00
           C 929.61,476.63 935.29,480.54 934.00,486.00
             931.72,481.66 930.70,481.76 926.00,482.00 Z
           M 951.00,480.00
           C 951.00,480.00 950.00,480.00 950.00,480.00
             950.00,480.00 951.00,481.00 951.00,481.00
             951.00,481.00 951.00,480.00 951.00,480.00 Z
           M 876.00,537.00
           C 876.00,537.00 883.49,529.90 883.49,529.90
             883.49,529.90 889.84,515.00 889.84,515.00
             890.33,513.06 889.88,510.99 889.84,509.00
             889.62,501.03 889.54,504.92 888.12,498.42
             886.89,492.78 887.19,490.21 881.74,486.06
             879.13,484.07 877.03,483.57 874.00,482.74
             866.90,480.60 866.06,480.39 859.00,482.74
             856.32,483.71 854.94,483.92 852.76,485.95
             851.15,487.46 849.62,489.90 848.31,491.73
             844.69,496.75 843.34,499.71 843.43,506.00
             843.51,511.70 843.65,515.43 847.22,520.25
             847.22,520.25 854.70,529.05 854.70,529.05
             854.85,533.11 848.43,533.81 843.71,541.04
             840.15,546.49 835.95,562.17 834.73,568.91
             833.89,573.52 834.24,577.92 838.26,581.01
             840.67,582.86 844.08,583.21 845.40,586.22
             846.78,589.38 843.86,600.19 844.02,606.00
             844.09,608.73 845.84,617.74 847.02,620.00
             849.70,625.15 854.93,627.15 860.00,629.05
             869.01,632.42 879.12,633.53 887.00,639.00
             890.11,637.51 899.85,637.60 903.00,639.00
             906.10,636.80 911.30,633.61 912.62,630.00
             914.61,624.55 907.00,616.09 904.00,612.00
             904.00,612.00 908.00,611.00 908.00,611.00
             908.00,611.00 907.00,608.00 907.00,608.00
             913.58,605.59 921.05,592.50 913.66,587.06
             908.44,583.32 896.70,584.92 891.00,587.06
             891.00,587.06 891.00,585.00 891.00,585.00
             891.00,585.00 886.00,587.00 886.00,587.00
             886.00,587.00 887.00,584.00 887.00,584.00
             887.00,584.00 884.00,587.00 884.00,587.00
             882.17,584.47 882.07,584.75 879.00,585.00
             883.66,579.72 890.84,578.12 897.00,575.00
             897.00,575.00 898.00,578.00 898.00,578.00
             899.37,573.57 900.41,572.69 905.00,572.00
             905.91,569.93 908.39,565.88 908.55,564.05
             908.80,561.13 906.51,559.03 904.00,561.00
             904.00,561.00 902.00,559.00 902.00,559.00
             902.00,559.00 900.00,562.00 900.00,562.00
             900.00,562.00 901.00,560.00 901.00,560.00
             901.00,560.00 895.19,564.00 895.19,564.00
             895.16,562.89 895.52,561.14 895.19,560.04
             894.97,556.68 892.19,555.21 889.18,556.81
             885.84,558.58 884.18,563.38 878.00,567.00
             878.00,567.00 880.43,558.18 880.43,558.18
             882.98,553.39 890.11,551.99 895.00,551.00
             895.00,551.00 893.00,555.00 893.00,555.00
             893.00,555.00 896.00,551.00 896.00,551.00
             902.75,552.69 910.76,549.38 915.67,544.62
             918.40,541.99 920.59,537.42 922.81,534.17
             922.81,534.17 939.00,513.00 939.00,513.00
             939.00,513.00 938.00,511.00 938.00,511.00
             940.66,509.45 942.40,508.10 943.00,505.00
             943.00,505.00 946.00,502.00 946.00,502.00
             946.00,502.00 939.00,498.97 939.00,498.97
             939.00,498.97 931.00,498.97 931.00,498.97
             931.00,498.97 930.00,503.00 930.00,503.00
             930.00,503.00 933.00,503.00 933.00,503.00
             933.00,503.00 929.00,507.00 929.00,507.00
             929.00,507.00 929.00,500.00 929.00,500.00
             929.00,500.00 925.00,501.00 925.00,501.00
             927.65,502.84 927.42,502.84 927.00,506.00
             926.64,504.97 926.57,503.80 925.42,503.17
             923.30,502.00 921.42,504.44 920.57,506.06
             917.64,511.60 919.87,515.96 914.75,523.00
             912.48,526.12 908.21,531.25 905.00,533.26
             898.00,537.64 884.03,537.34 876.00,537.00 Z
           M 952.00,481.00
           C 952.00,481.00 951.00,481.00 951.00,481.00
             951.00,481.00 952.00,482.00 952.00,482.00
             952.00,482.00 952.00,481.00 952.00,481.00 Z
           M 953.00,482.00
           C 953.00,482.00 952.00,482.00 952.00,482.00
             952.00,482.00 953.00,483.00 953.00,483.00
             953.00,483.00 953.00,482.00 953.00,482.00 Z
           M 961.00,484.00
           C 961.00,484.00 960.00,484.00 960.00,484.00
             960.00,484.00 961.00,485.00 961.00,485.00
             961.00,485.00 961.00,484.00 961.00,484.00 Z
           M 967.00,485.00
           C 967.00,485.00 963.00,486.00 963.00,486.00
             963.00,486.00 967.00,485.00 967.00,485.00 Z
           M 950.00,485.00
           C 950.00,485.00 949.00,485.00 949.00,485.00
             949.00,485.00 950.00,486.00 950.00,486.00
             950.00,486.00 950.00,485.00 950.00,485.00 Z
           M 969.00,486.00
           C 969.00,486.00 968.00,486.00 968.00,486.00
             968.00,486.00 969.00,487.00 969.00,487.00
             969.00,487.00 969.00,486.00 969.00,486.00 Z
           M 843.00,487.00
           C 843.00,487.00 842.00,487.00 842.00,487.00
             842.00,487.00 843.00,488.00 843.00,488.00
             843.00,488.00 843.00,487.00 843.00,487.00 Z
           M 960.00,489.00
           C 960.00,489.00 957.00,491.00 957.00,491.00
             957.00,491.00 954.00,497.00 954.00,497.00
             954.00,497.00 948.00,494.00 948.00,494.00
             948.00,494.00 947.00,495.00 947.00,495.00
             947.00,495.00 950.00,503.00 950.00,503.00
             950.00,503.00 948.00,501.00 948.00,501.00
             948.00,501.00 943.00,510.11 943.00,510.11
             949.62,512.25 949.44,509.31 952.81,510.11
             955.75,511.03 957.74,515.50 959.00,518.00
             967.06,512.45 958.95,508.71 970.00,504.00
             970.00,504.00 970.00,502.00 970.00,502.00
             960.10,496.11 963.72,497.27 960.00,489.00 Z
           M 955.00,490.00
           C 955.00,490.00 954.00,490.00 954.00,490.00
             954.00,490.00 955.00,491.00 955.00,491.00
             955.00,491.00 955.00,490.00 955.00,490.00 Z
           M 964.00,490.00
           C 964.00,490.00 963.00,490.00 963.00,490.00
             963.00,490.00 964.00,491.00 964.00,491.00
             964.00,491.00 964.00,490.00 964.00,490.00 Z
           M 1086.00,623.00
           C 1087.02,621.77 1088.28,620.59 1088.83,619.04
             1090.04,615.62 1086.30,613.24 1084.00,611.42
             1075.65,604.82 1073.63,605.09 1068.32,595.00
             1068.32,595.00 1063.57,584.00 1063.57,584.00
             1063.57,584.00 1058.74,574.00 1058.74,574.00
             1058.74,574.00 1048.60,550.00 1048.60,550.00
             1044.31,541.39 1039.26,542.80 1037.48,535.00
             1037.48,535.00 1035.49,519.00 1035.49,519.00
             1035.29,508.60 1038.54,496.97 1024.96,492.68
             1009.13,487.68 996.62,503.52 996.04,518.00
             995.71,526.28 998.41,532.87 1006.78,535.00
             1006.93,536.11 1006.94,538.18 1006.78,539.13
             1004.71,543.76 992.95,548.26 991.86,554.00
             990.94,558.87 1000.90,570.88 1002.92,576.00
             1004.90,580.99 1002.29,585.22 1001.00,590.00
             1001.00,590.00 999.00,590.00 999.00,590.00
             996.04,582.76 992.41,576.56 985.00,573.11
             985.00,573.11 970.00,568.00 970.00,568.00
             970.00,568.00 974.00,568.00 974.00,568.00
             976.03,563.19 974.90,564.34 975.82,561.17
             975.82,561.17 978.12,555.91 978.12,555.91
             978.81,552.20 975.82,548.02 974.00,545.00
             978.73,543.68 975.37,540.15 972.00,539.00
             972.93,526.67 951.38,534.10 945.00,534.00
             945.00,534.00 935.67,550.17 935.67,550.17
             934.74,552.66 933.38,561.55 933.52,564.28
             933.52,564.28 934.02,569.53 934.02,569.53
             933.96,571.92 932.47,576.01 932.75,582.00
             933.31,593.92 937.13,607.64 943.00,617.78
             937.51,616.79 930.11,613.94 925.05,617.78
             922.04,619.73 916.31,630.29 921.00,632.00
             919.22,641.36 936.71,647.58 944.00,649.18
             944.00,649.18 956.00,650.74 956.00,650.74
             956.00,650.74 965.00,652.22 965.00,652.22
             977.64,653.23 994.27,650.76 1000.21,637.91
             1001.85,634.36 1002.67,629.87 1003.00,626.00
             1005.75,626.67 1007.15,626.92 1010.00,626.99
             1016.13,627.13 1017.29,626.85 1023.00,624.86
             1026.75,623.55 1032.79,621.77 1035.82,619.35
             1042.87,613.71 1042.21,606.89 1040.92,599.00
             1039.78,592.02 1036.56,574.06 1038.00,568.00
             1038.00,568.00 1054.75,595.00 1054.75,595.00
             1054.75,595.00 1059.31,605.00 1059.31,605.00
             1059.31,605.00 1056.00,614.00 1056.00,614.00
             1056.00,614.00 1069.00,615.22 1069.00,615.22
             1069.00,615.22 1086.00,623.00 1086.00,623.00 Z
           M 967.00,492.00
           C 967.00,492.00 966.00,492.00 966.00,492.00
             966.00,492.00 967.00,493.00 967.00,493.00
             967.00,493.00 967.00,492.00 967.00,492.00 Z
           M 971.00,492.00
           C 971.00,492.00 970.00,492.00 970.00,492.00
             970.00,492.00 971.00,493.00 971.00,493.00
             971.00,493.00 971.00,492.00 971.00,492.00 Z
           M 1009.00,493.00
           C 1009.00,493.00 1008.00,493.00 1008.00,493.00
             1008.00,493.00 1009.00,494.00 1009.00,494.00
             1009.00,494.00 1009.00,493.00 1009.00,493.00 Z
           M 974.00,497.00
           C 974.00,497.00 973.00,497.00 973.00,497.00
             973.00,497.00 974.00,498.00 974.00,498.00
             974.00,498.00 974.00,497.00 974.00,497.00 Z
           M 929.00,498.00
           C 929.00,498.00 928.00,498.00 928.00,498.00
             928.00,498.00 929.00,499.00 929.00,499.00
             929.00,499.00 929.00,498.00 929.00,498.00 Z
           M 936.00,498.00
           C 936.00,498.00 935.00,498.00 935.00,498.00
             935.00,498.00 936.00,499.00 936.00,499.00
             936.00,499.00 936.00,498.00 936.00,498.00 Z
           M 925.00,499.00
           C 925.00,499.00 924.00,499.00 924.00,499.00
             924.00,499.00 925.00,500.00 925.00,500.00
             925.00,500.00 925.00,499.00 925.00,499.00 Z
           M 946.00,499.00
           C 946.00,499.00 945.00,499.00 945.00,499.00
             945.00,499.00 946.00,500.00 946.00,500.00
             946.00,500.00 946.00,499.00 946.00,499.00 Z
           M 986.00,499.00
           C 986.00,499.00 985.00,499.00 985.00,499.00
             985.00,499.00 986.00,500.00 986.00,500.00
             986.00,500.00 986.00,499.00 986.00,499.00 Z
           M 943.00,503.00
           C 943.00,503.00 944.00,503.00 944.00,503.00
             944.00,503.00 943.00,504.00 943.00,504.00
             943.00,504.00 943.00,503.00 943.00,503.00 Z
           M 988.00,513.00
           C 987.68,516.56 986.64,521.70 984.73,524.74
             983.06,527.39 979.55,528.85 980.49,531.87
             981.38,534.73 986.48,536.15 988.64,532.69
             988.64,532.69 992.12,519.00 992.12,519.00
             993.07,516.37 995.22,512.99 994.63,510.15
             994.39,508.94 993.88,508.21 992.77,507.66
             992.77,507.66 980.00,505.15 980.00,505.15
             978.42,504.82 976.96,504.52 975.60,505.69
             974.01,507.07 974.04,510.06 973.63,512.00
             972.97,515.15 971.27,520.01 970.00,523.00
             970.00,523.00 966.00,522.00 966.00,522.00
             966.07,527.27 965.68,529.03 971.00,531.00
             971.00,531.00 982.00,511.00 982.00,511.00
             982.95,513.66 985.43,512.97 988.00,513.00 Z
           M 967.00,508.00
           C 967.00,508.00 966.00,508.00 966.00,508.00
             966.00,508.00 967.00,509.00 967.00,509.00
             967.00,509.00 967.00,508.00 967.00,508.00 Z
           M 971.00,508.00
           C 971.00,508.00 970.00,508.00 970.00,508.00
             970.00,508.00 971.00,509.00 971.00,509.00
             971.00,509.00 971.00,508.00 971.00,508.00 Z
           M 965.00,509.00
           C 965.00,509.00 964.00,509.00 964.00,509.00
             964.00,509.00 965.00,510.00 965.00,510.00
             965.00,510.00 965.00,509.00 965.00,509.00 Z
           M 834.00,511.00
           C 834.00,511.00 833.00,511.00 833.00,511.00
             833.00,511.00 834.00,512.00 834.00,512.00
             834.00,512.00 834.00,511.00 834.00,511.00 Z
           M 941.00,511.00
           C 941.00,511.00 940.00,511.00 940.00,511.00
             940.00,511.00 941.00,512.00 941.00,512.00
             941.00,512.00 941.00,511.00 941.00,511.00 Z
           M 942.00,512.00
           C 942.00,512.00 941.00,512.00 941.00,512.00
             941.00,512.00 942.00,513.00 942.00,513.00
             942.00,513.00 942.00,512.00 942.00,512.00 Z
           M 945.00,512.00
           C 945.00,512.00 944.00,512.00 944.00,512.00
             944.00,512.00 945.00,513.00 945.00,513.00
             945.00,513.00 945.00,512.00 945.00,512.00 Z
           M 950.00,512.00
           C 950.00,512.00 949.00,512.00 949.00,512.00
             949.00,512.00 950.00,513.00 950.00,513.00
             950.00,513.00 950.00,512.00 950.00,512.00 Z
           M 944.00,513.00
           C 944.00,513.00 943.00,513.00 943.00,513.00
             943.00,513.00 944.00,514.00 944.00,514.00
             944.00,514.00 944.00,513.00 944.00,513.00 Z
           M 980.00,513.00
           C 980.00,513.00 979.00,513.00 979.00,513.00
             979.00,513.00 980.00,514.00 980.00,514.00
             980.00,514.00 980.00,513.00 980.00,513.00 Z
           M 939.00,514.00
           C 939.00,514.00 938.00,514.00 938.00,514.00
             938.00,514.00 939.00,515.00 939.00,515.00
             939.00,515.00 939.00,514.00 939.00,514.00 Z
           M 941.00,514.00
           C 941.00,514.00 940.00,514.00 940.00,514.00
             940.00,514.00 941.00,515.00 941.00,515.00
             941.00,515.00 941.00,514.00 941.00,514.00 Z
           M 942.00,516.00
           C 942.00,516.00 941.00,516.00 941.00,516.00
             941.00,516.00 942.00,517.00 942.00,517.00
             942.00,517.00 942.00,516.00 942.00,516.00 Z
           M 948.00,516.00
           C 948.00,516.00 947.00,516.00 947.00,516.00
             947.00,516.00 948.00,517.00 948.00,517.00
             948.00,517.00 948.00,516.00 948.00,516.00 Z
           M 952.00,516.00
           C 952.00,516.00 951.00,516.00 951.00,516.00
             951.00,516.00 952.00,517.00 952.00,517.00
             952.00,517.00 952.00,516.00 952.00,516.00 Z
           M 941.00,517.00
           C 941.00,517.00 940.00,517.00 940.00,517.00
             940.00,517.00 941.00,518.00 941.00,518.00
             941.00,518.00 941.00,517.00 941.00,517.00 Z
           M 951.00,521.00
           C 949.37,519.17 949.34,519.24 947.00,520.00
             947.00,520.00 951.00,521.00 951.00,521.00 Z
           M 946.00,521.00
           C 944.63,523.08 944.73,523.04 947.00,524.00
             947.00,524.00 946.00,521.00 946.00,521.00 Z
           M 941.00,526.00
           C 941.00,526.00 940.00,526.00 940.00,526.00
             940.00,526.00 941.00,527.00 941.00,527.00
             941.00,527.00 941.00,526.00 941.00,526.00 Z
           M 946.00,527.00
           C 946.00,527.00 945.00,527.00 945.00,527.00
             945.00,527.00 946.00,528.00 946.00,528.00
             946.00,528.00 946.00,527.00 946.00,527.00 Z
           M 959.00,530.00
           C 959.00,530.00 958.00,530.00 958.00,530.00
             958.00,530.00 959.00,531.00 959.00,531.00
             959.00,531.00 959.00,530.00 959.00,530.00 Z
           M 945.00,533.00
           C 945.00,533.00 944.00,533.00 944.00,533.00
             944.00,533.00 945.00,534.00 945.00,534.00
             945.00,534.00 945.00,533.00 945.00,533.00 Z
           M 837.00,535.00
           C 837.00,535.00 836.00,535.00 836.00,535.00
             836.00,535.00 837.00,536.00 837.00,536.00
             837.00,536.00 837.00,535.00 837.00,535.00 Z
           M 820.00,572.00
           C 823.81,570.78 825.00,569.49 827.05,566.00
             834.26,553.70 824.34,542.06 815.00,540.85
             806.09,539.70 801.19,548.25 797.76,555.00
             797.76,555.00 781.24,589.00 781.24,589.00
             779.45,592.53 775.85,599.45 771.99,600.83
             767.96,602.27 761.73,596.79 765.88,587.00
             768.68,580.37 773.00,577.22 774.00,570.00
             769.19,570.80 767.57,573.07 764.65,577.00
             757.69,587.01 757.68,594.86 764.65,605.00
             767.78,609.83 772.61,614.72 779.00,613.76
             784.84,612.88 788.88,606.76 791.56,602.00
             791.56,602.00 809.75,564.00 809.75,564.00
             811.06,561.38 815.74,550.81 817.41,549.54
             821.08,546.77 824.45,551.94 825.34,555.00
             827.20,561.47 821.74,565.59 820.00,572.00 Z
           M 936.00,540.00
           C 936.00,540.00 935.00,540.00 935.00,540.00
             935.00,540.00 936.00,541.00 936.00,541.00
             936.00,541.00 936.00,540.00 936.00,540.00 Z
           M 935.00,544.00
           C 935.00,544.00 934.00,544.00 934.00,544.00
             934.00,544.00 935.00,545.00 935.00,545.00
             935.00,545.00 935.00,544.00 935.00,544.00 Z
           M 929.00,549.00
           C 929.00,549.00 928.00,549.00 928.00,549.00
             928.00,549.00 929.00,550.00 929.00,550.00
             929.00,550.00 929.00,549.00 929.00,549.00 Z
           M 835.00,552.00
           C 835.00,552.00 834.00,552.00 834.00,552.00
             834.00,552.00 835.00,553.00 835.00,553.00
             835.00,553.00 835.00,552.00 835.00,552.00 Z
           M 896.00,555.00
           C 896.00,555.00 895.00,555.00 895.00,555.00
             895.00,555.00 896.00,556.00 896.00,556.00
             896.00,556.00 896.00,555.00 896.00,555.00 Z
           M 1092.00,555.00
           C 1092.00,555.00 1091.00,555.00 1091.00,555.00
             1091.00,555.00 1092.00,556.00 1092.00,556.00
             1092.00,556.00 1092.00,555.00 1092.00,555.00 Z
           M 922.00,556.00
           C 922.00,556.00 921.00,556.00 921.00,556.00
             921.00,556.00 922.00,557.00 922.00,557.00
             922.00,557.00 922.00,556.00 922.00,556.00 Z
           M 902.00,557.00
           C 902.00,557.00 901.00,557.00 901.00,557.00
             901.00,557.00 902.00,558.00 902.00,558.00
             902.00,558.00 902.00,557.00 902.00,557.00 Z
           M 917.00,557.00
           C 917.00,557.00 916.00,557.00 916.00,557.00
             916.00,557.00 917.00,558.00 917.00,558.00
             917.00,558.00 917.00,557.00 917.00,557.00 Z
           M 920.00,557.00
           C 920.00,557.00 918.00,565.00 918.00,565.00
             918.00,565.00 914.00,565.00 914.00,565.00
             914.00,565.00 914.00,561.00 914.00,561.00
             907.52,564.69 912.20,566.56 911.87,571.17
             911.70,573.55 909.27,576.91 908.00,579.00
             908.00,579.00 917.00,576.00 917.00,576.00
             918.60,581.28 919.48,582.73 925.00,581.00
             925.00,581.00 925.00,576.00 925.00,576.00
             925.00,576.00 924.00,576.00 924.00,576.00
             924.00,576.00 923.00,574.00 923.00,574.00
             923.00,574.00 927.00,570.00 927.00,570.00
             927.00,570.00 929.00,572.00 929.00,572.00
             928.32,568.11 927.93,567.87 924.00,568.00
             924.00,568.00 924.00,557.00 924.00,557.00
             924.00,557.00 920.00,557.00 920.00,557.00 Z
           M 916.00,558.00
           C 916.00,558.00 915.00,558.00 915.00,558.00
             915.00,558.00 916.00,559.00 916.00,559.00
             916.00,559.00 916.00,558.00 916.00,558.00 Z
           M 927.00,559.00
           C 927.00,559.00 926.00,559.00 926.00,559.00
             926.00,559.00 927.00,560.00 927.00,560.00
             927.00,560.00 927.00,559.00 927.00,559.00 Z
           M 915.00,562.00
           C 915.00,562.00 914.00,562.00 914.00,562.00
             914.00,562.00 915.00,563.00 915.00,563.00
             915.00,563.00 915.00,562.00 915.00,562.00 Z
           M 926.00,564.00
           C 926.00,564.00 925.00,564.00 925.00,564.00
             925.00,564.00 926.00,565.00 926.00,565.00
             926.00,565.00 926.00,564.00 926.00,564.00 Z
           M 1094.00,566.00
           C 1094.00,566.00 1093.00,566.00 1093.00,566.00
             1093.00,566.00 1094.00,567.00 1094.00,567.00
             1094.00,567.00 1094.00,566.00 1094.00,566.00 Z
           M 911.00,569.00
           C 911.00,569.00 910.00,569.00 910.00,569.00
             910.00,569.00 911.00,570.00 911.00,570.00
             911.00,570.00 911.00,569.00 911.00,569.00 Z
           M 1089.00,574.00
           C 1089.00,574.00 1088.00,574.00 1088.00,574.00
             1088.00,574.00 1089.00,575.00 1089.00,575.00
             1089.00,575.00 1089.00,574.00 1089.00,574.00 Z
           M 893.00,578.00
           C 893.00,578.00 892.00,578.00 892.00,578.00
             892.00,578.00 893.00,579.00 893.00,579.00
             893.00,579.00 893.00,578.00 893.00,578.00 Z
           M 943.00,578.00
           C 945.53,577.99 951.81,577.36 953.65,578.77
             957.74,581.89 951.85,590.75 950.00,594.00
             945.54,588.68 943.97,584.82 943.00,578.00 Z
           M 1096.00,578.00
           C 1096.00,578.00 1095.00,578.00 1095.00,578.00
             1095.00,578.00 1096.00,579.00 1096.00,579.00
             1096.00,579.00 1096.00,578.00 1096.00,578.00 Z
           M 892.00,580.00
           C 892.00,580.00 891.00,580.00 891.00,580.00
             891.00,580.00 892.00,581.00 892.00,581.00
             892.00,581.00 892.00,580.00 892.00,580.00 Z
           M 885.00,582.00
           C 885.00,582.00 884.00,582.00 884.00,582.00
             884.00,582.00 885.00,583.00 885.00,583.00
             885.00,583.00 885.00,582.00 885.00,582.00 Z
           M 887.00,582.00
           C 887.00,582.00 886.00,582.00 886.00,582.00
             886.00,582.00 887.00,583.00 887.00,583.00
             887.00,583.00 887.00,582.00 887.00,582.00 Z
           M 893.00,582.00
           C 893.00,582.00 892.00,582.00 892.00,582.00
             892.00,582.00 893.00,583.00 893.00,583.00
             893.00,583.00 893.00,582.00 893.00,582.00 Z
           M 888.00,583.00
           C 888.00,583.00 887.00,583.00 887.00,583.00
             887.00,583.00 888.00,584.00 888.00,584.00
             888.00,584.00 888.00,583.00 888.00,583.00 Z
           M 918.00,583.00
           C 918.00,583.00 917.00,583.00 917.00,583.00
             917.00,583.00 918.00,584.00 918.00,584.00
             918.00,584.00 918.00,583.00 918.00,583.00 Z
           M 926.00,583.00
           C 926.00,583.00 925.00,583.00 925.00,583.00
             925.00,583.00 926.00,584.00 926.00,584.00
             926.00,584.00 926.00,583.00 926.00,583.00 Z
           M 837.00,615.00
           C 835.30,612.23 830.40,607.49 830.44,604.99
             830.49,601.15 841.40,590.03 834.69,585.74
             829.92,582.70 824.02,594.28 819.00,595.56
             816.00,596.33 813.19,593.18 807.00,592.00
             807.00,592.00 816.00,601.00 816.00,601.00
             808.06,606.81 793.53,624.63 794.11,635.00
             794.54,642.73 800.92,652.14 809.76,648.27
             813.18,646.77 820.40,638.37 822.00,635.00
             813.10,638.40 813.90,641.18 801.00,643.00
             802.99,634.88 813.27,624.51 818.87,618.00
             820.43,616.18 824.17,611.13 826.43,610.69
             828.12,610.36 834.19,614.10 837.00,615.00 Z
           M 912.00,584.00
           C 912.00,584.00 911.00,584.00 911.00,584.00
             911.00,584.00 912.00,585.00 912.00,585.00
             912.00,585.00 912.00,584.00 912.00,584.00 Z
           M 963.00,603.00
           C 963.00,603.00 966.00,603.00 966.00,603.00
             967.14,606.51 968.95,612.27 967.40,615.85
             965.56,620.12 955.59,619.42 952.00,618.00
             952.00,618.00 963.00,603.00 963.00,603.00 Z
           M 927.00,607.00
           C 927.00,607.00 926.00,607.00 926.00,607.00
             926.00,607.00 927.00,608.00 927.00,608.00
             927.00,608.00 927.00,607.00 927.00,607.00 Z
           M 916.00,609.00
           C 916.00,609.00 915.00,609.00 915.00,609.00
             915.00,609.00 916.00,610.00 916.00,610.00
             916.00,610.00 916.00,609.00 916.00,609.00 Z
           M 908.00,612.00
           C 908.00,612.00 907.00,612.00 907.00,612.00
             907.00,612.00 908.00,613.00 908.00,613.00
             908.00,613.00 908.00,612.00 908.00,612.00 Z
           M 911.00,612.00
           C 911.00,612.00 910.00,612.00 910.00,612.00
             910.00,612.00 911.00,613.00 911.00,613.00
             911.00,613.00 911.00,612.00 911.00,612.00 Z
           M 1111.00,613.40
           C 1089.15,620.41 1106.84,653.37 1126.00,649.62
             1137.65,647.34 1139.43,639.76 1134.37,630.00
             1129.55,620.72 1122.39,612.10 1111.00,613.40 Z
           M 924.00,617.00
           C 924.00,617.00 923.00,617.00 923.00,617.00
             923.00,617.00 924.00,618.00 924.00,618.00
             924.00,618.00 924.00,617.00 924.00,617.00 Z
           M 1065.00,617.00
           C 1065.00,617.00 1064.00,617.00 1064.00,617.00
             1064.00,617.00 1065.00,618.00 1065.00,618.00
             1065.00,618.00 1065.00,617.00 1065.00,617.00 Z
           M 1114.32,620.04
           C 1120.91,617.94 1126.08,624.47 1128.45,630.00
             1129.37,632.07 1130.71,636.13 1128.45,637.79
             1126.42,639.24 1122.91,638.02 1121.02,636.91
             1116.13,634.08 1109.76,625.08 1114.32,620.04 Z
           M 1072.00,624.00
           C 1072.00,624.00 1071.00,624.00 1071.00,624.00
             1071.00,624.00 1072.00,625.00 1072.00,625.00
             1072.00,625.00 1072.00,624.00 1072.00,624.00 Z
           M 1074.00,624.00
           C 1074.00,624.00 1073.00,624.00 1073.00,624.00
             1073.00,624.00 1074.00,625.00 1074.00,625.00
             1074.00,625.00 1074.00,624.00 1074.00,624.00 Z
           M 1086.00,624.00
           C 1086.00,624.00 1085.00,624.00 1085.00,624.00
             1085.00,624.00 1086.00,625.00 1086.00,625.00
             1086.00,625.00 1086.00,624.00 1086.00,624.00 Z
           M 1085.00,625.00
           C 1085.00,625.00 1084.00,625.00 1084.00,625.00
             1084.00,625.00 1085.00,626.00 1085.00,626.00
             1085.00,626.00 1085.00,625.00 1085.00,625.00 Z
           M 1081.00,687.00
           C 1082.92,691.92 1093.43,706.51 1094.89,693.00
             1096.29,680.07 1088.76,670.18 1082.42,660.00
             1082.42,660.00 1071.65,642.00 1071.65,642.00
             1069.64,639.00 1062.90,628.80 1059.82,627.84
             1056.08,626.69 1052.01,630.50 1052.38,635.00
             1052.72,639.11 1062.29,654.25 1062.71,657.00
             1063.39,661.47 1057.53,665.34 1056.34,674.00
             1055.87,677.40 1056.66,680.19 1058.65,682.98
             1064.65,691.38 1072.63,689.18 1081.00,687.00 Z
           M 1071.00,628.00
           C 1071.00,628.00 1070.00,628.00 1070.00,628.00
             1070.00,628.00 1071.00,629.00 1071.00,629.00
             1071.00,629.00 1071.00,628.00 1071.00,628.00 Z
           M 1070.00,629.00
           C 1070.00,629.00 1069.00,629.00 1069.00,629.00
             1069.00,629.00 1070.00,630.00 1070.00,630.00
             1070.00,630.00 1070.00,629.00 1070.00,629.00 Z
           M 1082.16,629.73
           C 1077.75,632.79 1081.93,635.83 1084.87,635.43
             1088.49,634.93 1088.83,629.69 1082.16,629.73 Z
           M 1068.00,632.00
           C 1068.00,632.00 1067.00,632.00 1067.00,632.00
             1067.00,632.00 1068.00,633.00 1068.00,633.00
             1068.00,633.00 1068.00,632.00 1068.00,632.00 Z
           M 842.00,635.47
           C 831.67,636.78 821.61,645.08 821.04,656.00
             820.69,662.78 823.71,672.84 832.00,672.85
             840.75,672.86 852.44,660.06 854.32,652.00
             856.45,642.84 851.33,636.05 842.00,635.47 Z
           M 1069.00,635.00
           C 1069.00,635.00 1068.00,635.00 1068.00,635.00
             1068.00,635.00 1069.00,636.00 1069.00,636.00
             1069.00,636.00 1069.00,635.00 1069.00,635.00 Z
           M 873.00,637.00
           C 873.00,637.00 872.00,637.00 872.00,637.00
             872.00,637.00 873.00,638.00 873.00,638.00
             873.00,638.00 873.00,637.00 873.00,637.00 Z
           M 884.00,637.00
           C 884.00,637.00 883.00,637.00 883.00,637.00
             883.00,637.00 884.00,638.00 884.00,638.00
             884.00,638.00 884.00,637.00 884.00,637.00 Z
           M 872.00,638.00
           C 872.00,638.00 871.00,638.00 871.00,638.00
             871.00,638.00 872.00,639.00 872.00,639.00
             872.00,639.00 872.00,638.00 872.00,638.00 Z
           M 1086.00,641.00
           C 1087.90,647.65 1090.43,650.49 1094.28,656.00
             1094.28,656.00 1101.32,666.00 1101.32,666.00
             1104.54,669.81 1108.73,673.65 1114.00,673.85
             1116.82,673.96 1119.66,673.24 1119.74,669.89
             1119.84,664.87 1114.34,661.20 1111.29,657.91
             1106.79,653.07 1098.56,639.83 1092.00,639.33
             1089.64,639.15 1088.04,640.06 1086.00,641.00 Z
           M 896.00,641.00
           C 896.00,641.00 895.00,641.00 895.00,641.00
             895.00,641.00 896.00,642.00 896.00,642.00
             896.00,642.00 896.00,641.00 896.00,641.00 Z
           M 858.00,645.00
           C 858.00,645.00 857.00,645.00 857.00,645.00
             857.00,645.00 858.00,646.00 858.00,646.00
             858.00,646.00 858.00,645.00 858.00,645.00 Z
           M 861.00,646.00
           C 861.00,646.00 860.00,646.00 860.00,646.00
             860.00,646.00 861.00,647.00 861.00,647.00
             861.00,647.00 861.00,646.00 861.00,646.00 Z
           M 834.00,666.00
           C 828.43,653.90 842.24,646.02 845.89,646.46
             854.82,647.53 845.03,659.91 841.96,662.21
             839.33,664.18 837.10,665.09 834.00,666.00 Z
           M 860.00,647.00
           C 860.00,647.00 859.00,647.00 859.00,647.00
             859.00,647.00 860.00,648.00 860.00,648.00
             860.00,648.00 860.00,647.00 860.00,647.00 Z
           M 863.00,650.00
           C 863.00,650.00 862.00,650.00 862.00,650.00
             862.00,650.00 863.00,651.00 863.00,651.00
             863.00,651.00 863.00,650.00 863.00,650.00 Z
           M 877.00,656.00
           C 875.27,651.47 871.74,648.66 867.79,653.16
             867.79,653.16 856.23,673.00 856.23,673.00
             854.74,675.74 851.94,680.09 851.41,683.00
             850.66,687.10 853.25,692.26 858.00,690.42
             860.90,689.31 864.17,685.52 865.91,683.00
             865.91,683.00 871.74,673.00 871.74,673.00
             871.74,673.00 878.00,658.00 878.00,658.00
             878.00,658.00 880.00,657.00 880.00,657.00
             887.38,664.30 878.96,666.08 883.00,677.00
             893.54,671.42 891.98,652.09 877.00,656.00 Z
           M 880.00,653.00
           C 880.00,653.00 879.00,653.00 879.00,653.00
             879.00,653.00 880.00,654.00 880.00,654.00
             880.00,654.00 880.00,653.00 880.00,653.00 Z
           M 1052.00,653.00
           C 1052.00,653.00 1051.00,653.00 1051.00,653.00
             1051.00,653.00 1052.00,654.00 1052.00,654.00
             1052.00,654.00 1052.00,653.00 1052.00,653.00 Z
           M 1014.00,674.00
           C 1007.98,672.42 1005.94,674.49 1003.43,672.94
             999.81,670.70 1000.64,662.24 996.59,658.33
             994.42,656.24 991.31,655.87 990.15,659.23
             990.15,659.23 990.15,676.00 990.15,676.00
             985.28,676.67 982.87,677.04 979.00,680.00
             979.00,680.00 990.00,679.00 990.00,679.00
             991.59,687.88 992.36,704.73 996.99,711.98
             1001.77,719.46 1014.32,723.15 1018.75,714.90
             1019.86,712.23 1019.00,700.77 1018.75,697.00
             1018.75,697.00 1017.00,697.00 1017.00,697.00
             1016.16,706.95 1014.02,707.75 1011.00,716.00
             1011.00,716.00 1009.00,716.00 1009.00,716.00
             1006.25,707.53 1003.20,685.99 1003.00,677.00
             1003.00,677.00 1014.00,674.00 1014.00,674.00 Z
           M 858.00,657.00
           C 858.00,657.00 857.00,657.00 857.00,657.00
             857.00,657.00 858.00,658.00 858.00,658.00
             858.00,658.00 858.00,657.00 858.00,657.00 Z
           M 858.00,659.00
           C 858.00,659.00 857.00,659.00 857.00,659.00
             857.00,659.00 858.00,660.00 858.00,660.00
             858.00,660.00 858.00,659.00 858.00,659.00 Z
           M 898.00,659.00
           C 898.00,659.00 895.00,659.00 895.00,659.00
             893.22,672.49 892.16,681.57 906.00,689.00
             903.03,695.30 895.17,714.58 895.51,720.98
             895.73,725.12 898.45,726.21 901.96,724.41
             905.71,722.49 907.91,718.70 909.56,715.00
             912.98,707.34 920.70,687.75 921.90,680.00
             921.95,678.16 922.57,669.59 921.90,668.23
             921.05,665.24 917.56,664.43 915.41,667.30
             913.79,669.46 908.85,682.00 908.00,685.00
             899.20,678.53 898.83,669.23 898.00,659.00 Z
           M 968.00,675.00
           C 967.75,669.89 966.53,664.07 961.82,661.14
             955.31,657.09 942.67,659.53 941.23,668.00
             940.30,673.43 943.41,680.23 945.76,685.00
             945.76,685.00 962.45,717.00 962.45,717.00
             963.92,721.40 962.86,726.99 957.00,725.09
             954.25,724.20 951.67,721.35 950.13,718.99
             946.62,713.60 948.03,710.76 943.11,706.00
             941.41,710.11 941.88,711.85 943.11,716.00
             946.24,725.36 952.33,729.46 962.00,729.90
             966.04,730.08 971.76,729.09 974.44,725.78
             978.62,720.59 974.75,712.10 972.24,707.00
             972.24,707.00 956.75,678.00 956.75,678.00
             956.75,678.00 951.15,667.05 951.15,667.05
             950.60,662.99 955.80,661.82 959.90,664.71
             964.85,668.21 963.12,671.85 968.00,675.00 Z
           M 1044.00,659.00
           C 1044.00,659.00 1043.00,659.00 1043.00,659.00
             1043.00,659.00 1044.00,660.00 1044.00,660.00
             1044.00,660.00 1044.00,659.00 1044.00,659.00 Z
           M 1051.00,660.00
           C 1051.00,660.00 1050.00,660.00 1050.00,660.00
             1050.00,660.00 1051.00,661.00 1051.00,661.00
             1051.00,661.00 1051.00,660.00 1051.00,660.00 Z
           M 1065.00,663.00
           C 1065.00,663.00 1067.00,663.00 1067.00,663.00
             1067.00,663.00 1071.68,671.00 1071.68,671.00
             1072.24,672.11 1073.05,673.76 1073.22,675.00
             1073.73,678.74 1070.42,681.40 1067.18,680.34
             1063.60,679.18 1061.38,673.47 1061.98,670.00
             1062.36,667.81 1063.97,665.01 1065.00,663.00 Z
           M 1045.00,706.00
           C 1046.60,709.51 1049.86,715.76 1054.78,714.16
             1059.08,712.75 1058.39,706.40 1057.71,703.00
             1057.71,703.00 1048.02,677.00 1048.02,677.00
             1046.82,674.54 1044.67,670.55 1041.92,669.66
             1037.19,668.11 1037.13,672.92 1037.62,676.00
             1037.62,676.00 1042.33,696.00 1042.33,696.00
             1042.73,698.13 1043.27,702.52 1039.90,702.52
             1037.50,702.52 1035.83,699.82 1034.82,697.98
             1034.82,697.98 1026.82,680.02 1026.82,680.02
             1025.64,677.77 1022.59,673.41 1019.77,676.62
             1018.09,678.53 1020.10,686.48 1020.66,689.00
             1022.65,697.82 1025.33,705.26 1035.00,707.19
             1039.63,708.12 1040.74,707.96 1045.00,706.00 Z" />
</svg>
