
<svg xmlns="http://www.w3.org/2000/svg"
     width="6.4in" height="3.6in"
     viewBox="0 0 1920 1080">
  <path id="Selection"
        fill="none" stroke="black" stroke-width="1"
        d="M 958.00,291.46
           C 958.00,291.46 975.00,292.00 975.00,292.00
             992.53,292.03 1022.31,298.42 1039.00,304.31
             1067.97,314.53 1095.38,328.33 1119.00,348.29
             1143.41,368.93 1164.46,393.84 1179.69,422.00
             1216.78,490.58 1219.11,575.22 1186.69,646.00
             1154.03,717.33 1086.81,770.10 1010.00,785.55
             997.20,788.13 984.05,789.98 971.00,790.00
             971.00,790.00 960.00,790.66 960.00,790.66
             960.00,790.66 943.00,790.00 943.00,790.00
             925.01,789.79 896.25,782.76 879.00,777.00
             855.47,769.15 834.17,757.99 814.00,743.57
             716.90,674.18 683.80,543.83 733.31,436.00
             763.58,370.07 823.21,319.85 893.00,300.42
             905.11,297.05 931.80,292.06 944.00,292.00
             944.00,292.00 958.00,291.46 958.00,291.46 Z
           M 951.30,353.66
           C 946.92,357.36 951.80,361.36 954.69,360.29
             957.30,359.33 957.36,353.17 951.30,353.66 Z
           M 1001.00,385.00
           C 1011.66,378.78 1007.21,360.48 992.00,362.19
             986.72,362.78 982.04,366.02 978.30,369.62
             969.40,378.17 963.89,395.95 970.97,407.00
             972.56,409.49 974.71,411.79 977.00,413.66
             987.45,422.20 995.52,417.73 1001.22,407.00
             1003.52,402.66 1004.48,400.92 1005.00,396.00
             1001.44,398.55 995.46,405.71 991.10,404.34
             988.49,403.53 986.87,400.37 985.95,398.00
             982.59,389.31 985.46,382.22 992.02,376.09
             995.32,373.01 1001.23,369.47 1001.69,377.01
             1001.69,377.01 1001.00,385.00 1001.00,385.00 Z
           M 949.00,365.00
           C 947.71,370.31 947.01,377.52 947.00,383.00
             947.00,383.00 947.00,396.00 947.00,396.00
             947.06,400.33 947.64,405.33 950.65,408.75
             953.22,411.63 957.53,412.50 959.82,408.75
             962.04,405.17 959.06,395.13 959.00,390.00
             958.94,384.72 959.48,371.20 955.57,367.56
             953.78,365.89 951.29,365.49 949.00,365.00 Z
           M 927.00,378.00
           C 926.61,374.36 925.97,371.07 922.79,368.74
             918.47,365.57 902.80,365.51 904.11,379.00
             905.17,389.93 918.78,391.66 921.36,395.27
             923.94,398.90 919.98,404.35 916.00,404.60
             913.82,404.74 909.35,401.97 907.00,401.00
             912.41,416.85 940.65,421.35 938.90,398.00
             938.41,391.39 933.22,385.84 927.00,383.94
             923.59,382.90 919.08,383.16 916.97,379.77
             915.30,377.15 916.43,373.80 916.97,371.00
             916.97,371.00 927.00,378.00 927.00,378.00 Z
           M 897.00,428.00
           C 898.90,431.53 901.03,434.79 905.00,436.26
             912.44,439.01 916.55,432.04 913.53,424.00
             910.89,416.96 903.32,406.44 898.88,400.00
             895.67,395.34 894.05,391.76 890.07,387.58
             888.04,385.46 885.97,383.00 882.99,382.33
             879.42,381.53 875.79,382.75 876.68,387.04
             876.68,387.04 890.24,416.00 890.24,416.00
             891.65,418.94 893.85,424.31 888.94,425.55
             886.02,426.29 883.01,422.95 881.32,420.98
             881.32,420.98 866.20,400.02 866.20,400.02
             863.94,397.32 857.91,391.33 855.15,397.23
             853.93,399.85 858.86,410.18 860.27,413.00
             862.96,418.40 867.91,427.07 873.00,430.26
             876.45,432.42 887.09,432.64 891.00,431.49
             893.49,430.76 894.98,429.50 897.00,428.00 Z
           M 1053.00,394.00
           C 1049.76,388.45 1043.94,387.89 1038.00,388.02
             1025.74,388.27 1011.72,399.52 1010.18,412.00
             1008.90,422.40 1012.72,432.83 1025.00,431.00
             1020.25,437.69 1013.81,443.12 1024.02,448.64
             1025.32,449.35 1026.52,449.87 1028.00,450.11
             1034.04,451.07 1037.83,446.18 1041.19,442.00
             1049.28,431.93 1057.13,421.43 1060.98,409.00
             1063.36,401.29 1064.73,391.44 1053.00,394.00 Z
           M 1024.00,421.00
           C 1024.06,418.41 1024.02,416.49 1025.00,414.00
             1027.24,408.29 1037.18,396.60 1043.00,394.80
             1045.83,393.62 1049.14,394.49 1052.00,394.80
             1050.52,400.99 1046.94,404.36 1043.08,409.00
             1036.91,416.40 1034.52,422.37 1024.00,421.00 Z
           M 834.00,430.00
           C 834.00,430.00 853.00,444.42 853.00,444.42
             853.00,444.42 868.00,455.16 868.00,455.16
             870.27,457.05 872.72,459.97 876.00,458.83
             877.33,458.37 878.90,456.96 879.85,455.94
             884.82,450.61 883.13,445.25 878.53,440.44
             873.96,435.66 862.82,428.53 857.00,424.10
             848.07,417.30 845.45,412.46 834.00,407.31
             828.35,404.78 823.97,403.89 819.49,409.11
             818.33,410.45 817.14,412.16 817.12,414.00
             817.08,416.37 822.70,425.52 824.20,428.00
             824.20,428.00 833.00,441.00 833.00,441.00
             833.00,441.00 806.00,435.97 806.00,435.97
             803.10,435.84 799.79,435.21 797.21,436.89
             792.59,439.92 792.29,445.38 796.23,449.11
             796.23,449.11 818.00,465.80 818.00,465.80
             822.73,469.58 832.72,478.07 838.00,480.00
             842.98,481.82 847.68,479.83 847.35,474.00
             847.12,469.98 844.70,466.81 841.96,464.09
             841.96,464.09 833.00,456.27 833.00,456.27
             833.00,456.27 818.00,444.00 818.00,444.00
             823.75,445.05 842.48,450.44 839.36,439.00
             839.01,437.73 838.28,436.15 837.64,435.00
             836.60,433.17 835.32,431.63 834.00,430.00 Z
           M 1037.00,454.00
           C 1041.97,467.48 1051.83,457.96 1059.00,452.08
             1071.07,442.18 1081.99,435.91 1090.90,422.00
             1091.90,420.43 1092.81,418.79 1093.35,417.00
             1094.22,414.12 1094.79,405.38 1089.89,405.90
             1086.58,406.25 1075.95,416.03 1073.00,418.58
             1073.00,418.58 1059.28,431.42 1059.28,431.42
             1054.26,436.37 1041.59,451.50 1037.00,454.00 Z
           M 816.00,443.00
           C 816.00,443.00 817.00,443.00 817.00,443.00
             817.00,443.00 816.00,444.00 816.00,444.00
             816.00,444.00 816.00,443.00 816.00,443.00 Z
           M 969.00,477.00
           C 973.43,476.00 973.14,473.04 972.96,469.00
             972.76,464.31 971.20,460.57 966.84,458.29
             961.77,455.63 955.54,458.24 954.17,464.02
             954.17,464.02 954.17,473.00 954.17,473.00
             950.18,466.63 940.36,462.17 933.00,463.33
             926.24,464.39 920.06,469.04 925.00,476.00
             918.27,481.75 920.23,487.62 927.00,492.00
             920.89,492.50 915.14,493.74 910.30,497.79
             902.49,504.32 897.90,520.29 906.00,528.00
             909.35,519.23 903.74,513.32 912.21,504.13
             915.31,500.76 920.60,497.84 925.00,496.59
             929.41,495.35 933.31,495.72 936.69,491.86
             939.23,488.95 939.11,484.66 940.00,481.00
             934.82,476.64 934.15,474.76 927.00,474.00
             928.37,472.38 929.23,471.19 931.09,470.01
             939.56,464.61 947.80,477.40 955.00,480.70
             960.10,483.04 965.03,481.86 970.00,480.00
             970.00,480.00 969.00,477.00 969.00,477.00 Z
           M 882.00,458.00
           C 882.00,458.00 881.00,469.00 881.00,469.00
             881.00,469.00 878.00,468.00 878.00,468.00
             878.00,468.00 878.00,470.00 878.00,470.00
             878.00,470.00 875.00,469.00 875.00,469.00
             875.00,469.00 876.00,474.00 876.00,474.00
             882.13,474.14 881.58,478.22 883.00,483.00
             883.00,483.00 889.00,476.00 889.00,476.00
             889.00,476.00 897.00,477.00 897.00,477.00
             893.39,465.58 894.81,473.05 896.00,462.00
             888.01,464.56 888.78,464.35 882.00,458.00 Z
           M 987.00,466.00
           C 986.58,473.20 980.91,479.37 986.11,479.37
             994.96,479.37 993.06,456.49 984.27,459.66
             979.15,461.50 978.60,474.54 976.98,478.89
             975.56,482.69 972.23,482.82 971.41,485.26
             970.66,486.41 970.83,487.56 971.41,488.52
             974.22,491.51 978.50,488.45 981.00,487.00
             981.11,480.81 982.95,470.74 987.00,466.00 Z
           M 960.00,463.00
           C 963.88,463.32 964.20,463.24 967.00,466.00
             967.00,466.00 960.00,466.00 960.00,466.00
             960.00,466.00 960.00,463.00 960.00,463.00 Z
           M 977.00,496.00
           C 983.72,497.13 982.33,494.13 987.30,490.30
             989.72,488.44 994.03,486.49 997.00,485.78
             1000.61,484.91 1002.50,485.55 1006.00,486.30
             1012.10,487.33 1023.20,488.65 1029.00,486.30
             1035.53,483.88 1037.36,475.79 1033.64,470.14
             1028.96,463.06 1009.45,462.38 1011.66,474.00
             1012.54,478.64 1015.86,480.18 1019.00,483.00
             1004.33,478.38 981.54,476.93 977.00,496.00 Z
           M 967.00,467.00
           C 967.00,467.00 968.00,467.00 968.00,467.00
             968.00,467.00 967.00,468.00 967.00,468.00
             967.00,468.00 967.00,467.00 967.00,467.00 Z
           M 944.00,470.00
           C 944.00,470.00 945.00,470.00 945.00,470.00
             945.00,470.00 944.00,471.00 944.00,471.00
             944.00,471.00 944.00,470.00 944.00,470.00 Z
           M 1020.00,470.00
           C 1022.53,470.01 1026.36,469.65 1028.26,471.60
             1031.59,475.01 1029.67,484.18 1020.00,482.00
             1027.30,476.49 1028.74,474.97 1020.00,470.00 Z
           M 900.00,493.00
           C 909.32,494.92 908.46,484.31 904.69,480.15
             903.32,478.63 900.67,476.73 898.60,478.08
             896.98,479.13 896.68,483.19 896.42,485.00
             895.59,490.98 896.59,495.41 892.00,500.00
             893.03,503.27 896.07,507.39 898.98,502.81
             900.32,500.70 900.00,495.57 900.00,493.00 Z
           M 926.00,482.00
           C 928.93,478.11 930.76,478.80 934.00,482.00
             934.00,482.00 926.00,482.00 926.00,482.00 Z
           M 889.00,520.00
           C 889.00,520.00 890.27,514.96 890.27,514.96
             890.46,513.52 889.77,503.61 889.41,502.00
             888.20,496.65 887.97,492.41 884.13,488.17
             880.65,484.32 879.13,484.26 874.61,482.84
             867.13,480.44 866.18,480.18 858.59,482.84
             856.16,483.71 854.76,483.59 852.68,485.49
             850.85,487.17 849.76,489.54 848.31,491.54
             844.97,496.13 842.83,500.11 843.03,506.00
             843.24,512.06 845.52,522.26 851.27,525.58
             852.71,526.41 854.41,526.65 856.00,527.00
             852.33,535.49 848.73,533.67 844.12,539.92
             840.99,544.17 835.27,562.96 834.44,568.58
             833.74,573.26 834.30,577.97 838.26,581.13
             841.12,583.40 844.68,583.18 845.67,587.11
             846.45,590.20 844.54,595.61 844.17,599.00
             843.60,604.32 844.58,615.12 846.58,619.96
             848.67,624.99 855.22,627.55 860.00,629.20
             869.95,632.64 890.63,640.00 900.72,638.26
             916.64,635.52 916.28,621.79 904.00,614.00
             904.00,614.00 911.00,607.00 911.00,607.00
             912.78,599.04 921.58,596.88 914.00,586.00
             914.00,586.00 905.00,584.75 905.00,584.75
             905.00,584.75 886.00,586.22 886.00,586.22
             886.00,586.22 880.00,582.00 880.00,582.00
             883.55,580.86 887.67,580.02 890.00,577.00
             898.16,576.52 904.73,569.54 911.00,565.00
             911.00,565.00 913.00,569.00 913.00,569.00
             913.00,569.00 908.00,579.00 908.00,579.00
             908.00,579.00 917.00,576.00 917.00,576.00
             917.00,576.00 920.00,583.00 920.00,583.00
             920.00,583.00 922.00,583.00 922.00,583.00
             926.27,573.75 920.63,578.00 929.00,569.00
             929.00,569.00 923.00,567.00 923.00,567.00
             925.08,565.52 923.60,560.15 923.00,558.00
             919.40,560.32 919.05,560.86 918.00,565.00
             918.00,565.00 914.00,565.00 914.00,565.00
             914.00,565.00 913.00,562.00 913.00,562.00
             913.00,562.00 909.00,564.00 909.00,564.00
             909.00,564.00 908.00,560.00 908.00,560.00
             902.36,560.34 899.83,560.84 895.00,564.00
             895.00,564.00 895.55,560.04 895.55,560.04
             895.47,556.19 892.47,554.62 889.18,556.60
             889.18,556.60 879.00,567.00 879.00,567.00
             880.04,554.30 883.85,553.99 895.00,551.00
             895.00,551.00 895.00,555.00 895.00,555.00
             899.74,550.06 907.20,551.42 913.49,546.53
             917.63,543.31 921.29,536.45 924.42,532.00
             932.31,520.83 939.32,514.67 943.00,501.00
             936.49,496.56 936.06,499.32 929.00,507.00
             928.12,505.62 927.29,503.87 925.69,503.17
             922.87,501.94 921.07,504.86 920.13,507.02
             917.27,513.60 919.41,516.90 912.32,526.00
             902.86,538.12 889.87,537.18 876.00,537.00
             881.79,531.02 886.65,531.11 886.00,521.00
             886.00,521.00 889.00,520.00 889.00,520.00 Z
           M 901.00,483.00
           C 902.37,486.49 902.22,487.98 900.00,491.00
             900.00,491.00 901.00,483.00 901.00,483.00 Z
           M 961.00,490.00
           C 961.00,490.00 959.00,490.00 959.00,490.00
             959.00,490.00 957.00,491.00 957.00,491.00
             957.00,491.00 954.00,497.00 954.00,497.00
             954.00,497.00 947.00,494.00 947.00,494.00
             947.00,494.00 949.46,501.42 949.46,501.42
             949.46,501.42 944.00,510.75 944.00,510.75
             944.00,510.75 952.90,510.75 952.90,510.75
             952.90,510.75 960.00,518.00 960.00,518.00
             960.00,518.00 964.02,508.33 964.02,508.33
             964.02,508.33 970.00,504.00 970.00,504.00
             965.00,496.66 963.23,501.59 961.00,490.00 Z
           M 1084.00,610.00
           C 1076.72,608.27 1070.63,599.45 1067.73,593.00
             1067.73,593.00 1059.28,574.83 1059.28,574.83
             1059.28,574.83 1049.28,551.01 1049.28,551.01
             1044.80,541.25 1039.02,542.31 1037.90,535.27
             1037.90,535.27 1036.96,527.00 1036.96,527.00
             1036.96,527.00 1035.74,521.00 1035.74,521.00
             1035.32,516.03 1040.21,496.83 1024.91,492.69
             1022.78,492.12 1020.20,491.96 1018.00,492.09
             1003.31,493.00 995.63,507.59 996.02,521.00
             996.23,528.35 999.64,533.43 1007.00,535.00
             1007.00,535.00 1006.00,537.00 1006.00,537.00
             1006.00,537.00 1008.00,537.00 1008.00,537.00
             1008.00,537.00 1007.00,539.00 1007.00,539.00
             1007.00,539.00 1008.00,540.00 1008.00,540.00
             1003.00,542.45 996.08,546.13 995.00,552.00
             991.47,553.12 992.86,556.92 993.00,560.00
             993.00,560.00 999.00,565.00 999.00,565.00
             999.00,565.00 996.00,564.00 996.00,564.00
             996.00,564.00 1003.21,578.00 1003.21,578.00
             1003.21,578.00 1001.00,590.00 1001.00,590.00
             1001.00,590.00 999.00,590.00 999.00,590.00
             996.39,582.57 992.35,576.40 985.00,572.91
             980.57,570.80 973.69,571.03 971.00,567.00
             976.56,566.94 974.61,564.13 976.12,560.28
             976.12,560.28 977.95,556.83 977.95,556.83
             979.27,553.08 976.86,550.74 976.50,547.00
             976.08,542.56 977.87,541.47 973.00,539.00
             973.00,539.00 974.00,536.00 974.00,536.00
             966.74,531.35 961.51,530.67 953.00,532.38
             949.53,533.08 948.96,533.85 945.00,534.00
             945.00,534.00 936.14,548.91 936.14,548.91
             933.13,555.97 932.84,567.51 934.00,575.00
             934.00,575.00 932.00,575.00 932.00,575.00
             932.00,575.00 936.04,602.00 936.04,602.00
             936.04,602.00 942.00,618.00 942.00,618.00
             937.61,616.18 930.43,614.62 926.02,616.91
             921.46,619.27 916.35,627.81 921.00,632.00
             920.80,640.33 929.22,644.13 936.00,646.68
             945.42,650.22 947.97,649.51 957.00,650.97
             957.00,650.97 966.00,652.54 966.00,652.54
             966.00,652.54 973.00,652.04 973.00,652.04
             977.82,651.83 985.16,651.53 989.49,649.23
             992.85,647.44 998.77,641.42 1000.35,638.00
             1001.60,635.31 1002.20,630.54 1004.51,628.64
             1006.90,626.65 1009.22,628.28 1015.00,627.19
             1018.82,626.47 1020.49,625.66 1024.00,624.52
             1032.31,621.82 1038.49,620.93 1041.36,611.00
             1042.93,605.59 1041.37,601.19 1040.46,596.00
             1039.61,591.13 1037.19,571.98 1038.00,568.00
             1038.00,568.00 1057.72,601.00 1057.72,601.00
             1058.71,603.23 1059.30,604.53 1058.67,607.00
             1058.12,609.16 1055.57,612.02 1057.65,614.11
             1059.96,616.41 1065.28,614.23 1070.00,615.49
             1074.94,616.82 1079.70,620.34 1084.98,620.64
             1089.90,620.91 1090.85,617.87 1087.86,614.28
             1087.86,614.28 1084.00,610.00 1084.00,610.00 Z
           M 1009.00,493.00
           C 1009.00,493.00 1008.00,493.00 1008.00,493.00
             1008.00,493.00 1009.00,494.00 1009.00,494.00
             1009.00,494.00 1009.00,493.00 1009.00,493.00 Z
           M 1031.00,493.00
           C 1031.00,493.00 1030.00,493.00 1030.00,493.00
             1030.00,493.00 1031.00,494.00 1031.00,494.00
             1031.00,494.00 1031.00,493.00 1031.00,493.00 Z
           M 995.00,507.00
           C 991.60,507.00 987.22,507.24 984.00,506.37
             981.70,505.75 978.64,503.88 976.31,505.13
             974.09,506.32 971.45,519.07 971.00,522.00
             969.38,522.13 967.29,522.01 966.27,523.57
             964.89,525.69 966.49,529.60 968.96,530.15
             971.44,530.69 973.48,527.75 974.48,525.91
             974.48,525.91 980.00,510.00 980.00,510.00
             980.00,510.00 981.00,513.00 981.00,513.00
             981.00,513.00 988.00,513.00 988.00,513.00
             987.47,515.81 986.08,522.77 984.65,525.03
             984.65,525.03 981.06,529.19 981.06,529.19
             980.08,531.02 980.47,531.43 982.00,532.01
             983.12,536.19 987.63,535.27 989.16,532.01
             989.16,532.01 991.38,522.00 991.38,522.00
             993.30,514.73 995.64,514.47 995.00,507.00 Z
           M 820.00,572.00
           C 823.89,570.80 825.25,569.54 827.39,566.00
             835.63,552.36 820.92,539.18 812.00,540.62
             804.75,541.79 800.86,549.27 797.58,555.00
             797.58,555.00 776.96,595.98 776.96,595.98
             768.83,607.13 762.06,596.98 765.47,588.00
             768.44,580.16 773.04,578.51 774.00,570.00
             768.62,570.89 766.79,573.47 763.95,578.00
             757.36,588.50 757.90,596.01 765.04,606.00
             768.01,610.14 771.61,613.64 777.00,613.85
             783.48,614.11 787.47,609.01 790.54,604.00
             790.54,604.00 809.78,564.00 809.78,564.00
             810.93,561.56 816.10,549.88 817.80,549.00
             820.19,547.76 823.15,551.26 824.26,553.02
             828.58,559.84 821.84,564.47 820.00,572.00 Z
           M 896.00,555.00
           C 896.00,555.00 895.00,555.00 895.00,555.00
             895.00,555.00 896.00,556.00 896.00,556.00
             896.00,556.00 896.00,555.00 896.00,555.00 Z
           M 993.00,557.00
           C 993.00,557.00 992.00,557.00 992.00,557.00
             992.00,557.00 993.00,558.00 993.00,558.00
             993.00,558.00 993.00,557.00 993.00,557.00 Z
           M 943.00,578.15
           C 945.05,577.99 951.27,577.59 952.76,578.15
             958.15,580.90 951.88,590.61 950.00,594.00
             946.12,589.31 943.94,583.99 943.00,578.15 Z
           M 837.00,616.00
           C 834.51,608.76 830.39,608.71 830.44,604.96
             830.48,602.08 841.78,588.63 834.69,585.32
             830.08,583.17 822.91,593.47 819.00,594.99
             815.72,596.25 813.10,593.16 807.00,592.00
             809.15,596.17 810.74,597.17 815.00,599.00
             809.67,610.33 794.86,619.51 794.11,633.00
             793.64,641.30 800.04,652.36 809.77,648.28
             813.48,646.72 820.31,638.58 822.00,635.00
             822.00,635.00 801.00,643.00 801.00,643.00
             803.58,634.23 820.19,616.13 827.00,609.00
             827.00,609.00 837.00,616.00 837.00,616.00 Z
           M 933.00,588.00
           C 933.00,588.00 932.00,588.00 932.00,588.00
             932.00,588.00 933.00,589.00 933.00,589.00
             933.00,589.00 933.00,588.00 933.00,588.00 Z
           M 964.00,603.00
           C 964.00,603.00 965.79,603.00 965.79,603.00
             967.27,606.91 969.87,615.01 965.79,617.97
             963.76,619.22 955.50,618.98 953.00,619.00
             953.00,619.00 964.00,603.00 964.00,603.00 Z
           M 1111.00,613.35
           C 1090.70,619.23 1104.48,648.70 1121.00,649.90
             1132.13,650.72 1139.87,644.58 1135.89,633.00
             1132.28,622.47 1122.79,612.22 1111.00,613.35 Z
           M 1114.32,620.04
           C 1121.03,617.90 1125.74,624.55 1128.38,630.00
             1129.31,632.07 1130.77,636.09 1128.38,637.79
             1126.43,639.23 1122.92,638.03 1121.04,636.91
             1116.21,634.05 1109.78,625.05 1114.32,620.04 Z
           M 1058.00,627.66
           C 1043.61,632.38 1061.21,649.07 1062.63,657.00
             1063.25,660.46 1059.88,663.90 1058.40,667.00
             1054.68,674.79 1055.75,685.09 1065.01,688.30
             1069.67,689.92 1078.07,687.70 1080.20,688.90
             1083.40,690.71 1087.18,698.60 1090.93,698.66
             1093.40,698.70 1094.41,695.99 1094.77,693.99
             1095.48,690.17 1094.15,681.71 1092.90,678.00
             1090.56,671.12 1085.90,665.08 1082.05,659.00
             1082.05,659.00 1069.66,639.00 1069.66,639.00
             1066.65,634.58 1063.69,628.41 1058.00,627.66 Z
           M 1082.16,629.70
           C 1076.82,633.32 1082.75,636.59 1085.69,635.36
             1088.38,634.23 1088.39,629.47 1082.16,629.70 Z
           M 842.00,635.47
           C 832.64,636.66 823.49,643.35 821.39,653.00
             819.63,661.07 822.66,673.66 833.00,672.88
             841.23,672.26 852.50,659.77 854.32,652.00
             856.50,642.64 851.59,636.01 842.00,635.47 Z
           M 1053.00,639.00
           C 1053.00,639.00 1052.00,639.00 1052.00,639.00
             1052.00,639.00 1053.00,640.00 1053.00,640.00
             1053.00,640.00 1053.00,639.00 1053.00,639.00 Z
           M 1090.06,639.47
           C 1083.59,642.36 1088.55,647.80 1091.35,652.00
             1095.94,658.89 1106.18,675.97 1115.94,674.25
             1121.51,673.26 1119.97,667.30 1117.57,664.00
             1117.57,664.00 1108.17,654.00 1108.17,654.00
             1103.13,648.35 1098.66,639.06 1090.06,639.47 Z
           M 834.00,666.00
           C 833.18,664.20 832.49,663.07 832.40,661.00
             832.14,654.31 840.57,646.78 844.95,646.45
             852.26,645.88 848.31,655.05 846.07,657.91
             844.84,659.50 843.49,660.83 841.91,662.07
             839.17,664.22 837.28,665.03 834.00,666.00 Z
           M 882.97,677.00
           C 889.33,673.82 892.75,663.30 887.30,657.65
             884.64,654.89 881.38,655.54 878.28,654.08
             875.87,652.95 873.15,650.07 870.21,650.81
             867.56,651.47 865.32,656.70 864.00,659.00
             864.00,659.00 851.64,682.00 851.64,682.00
             850.80,685.12 851.43,689.59 855.06,690.68
             858.13,691.60 861.82,687.97 863.68,685.91
             867.48,681.69 871.84,673.31 874.13,668.00
             874.13,668.00 876.55,662.06 876.55,662.06
             879.02,657.69 882.24,658.80 882.97,662.06
             883.96,666.86 879.70,669.08 882.97,677.00 Z
           M 1014.00,674.00
           C 1011.14,673.21 1011.00,673.15 1008.00,673.28
             997.55,673.75 1002.27,664.51 997.01,658.43
             996.17,657.47 995.25,656.80 993.95,656.66
             989.64,656.17 990.02,661.19 990.00,664.00
             990.00,664.00 990.00,676.00 990.00,676.00
             985.38,676.42 982.59,676.91 979.00,680.00
             979.00,680.00 990.00,679.00 990.00,679.00
             991.11,687.44 992.69,705.24 996.99,711.98
             1001.72,719.39 1014.32,723.19 1018.82,714.90
             1019.86,712.57 1019.00,700.55 1018.82,697.00
             1018.82,697.00 1017.00,697.00 1017.00,697.00
             1015.84,705.57 1014.64,709.26 1009.00,716.00
             1006.24,706.47 1003.46,686.98 1003.00,677.00
             1003.00,677.00 1014.00,674.00 1014.00,674.00 Z
           M 898.00,659.00
           C 898.00,659.00 895.00,659.00 895.00,659.00
             893.35,671.48 892.15,683.07 906.00,689.00
             903.58,693.66 901.46,699.04 899.69,704.00
             898.48,707.39 895.15,717.77 895.40,720.90
             896.00,728.66 903.52,724.29 906.37,720.90
             909.15,717.41 912.08,709.32 913.68,705.00
             916.39,697.68 919.66,690.71 921.19,683.00
             921.86,679.64 924.93,662.86 917.26,665.66
             913.11,667.17 911.21,680.20 907.60,682.09
             904.94,683.48 902.73,679.96 901.76,677.99
             899.72,673.81 898.39,663.83 898.00,659.00 Z
           M 968.00,675.00
           C 967.87,669.77 966.80,664.09 961.90,661.14
             955.70,657.40 940.00,658.24 941.11,672.00
             941.91,681.98 956.12,702.86 960.72,713.00
             962.11,716.15 965.12,722.67 960.72,724.70
             959.20,725.66 957.51,725.23 956.01,724.70
             947.46,720.49 949.34,710.03 942.00,706.00
             942.00,706.00 941.00,707.00 941.00,707.00
             942.38,714.31 944.20,722.89 951.02,727.15
             957.75,731.36 974.07,731.80 976.19,722.00
             977.20,717.33 974.26,711.11 972.24,707.00
             972.24,707.00 955.75,676.00 955.75,676.00
             954.74,674.00 951.20,667.99 951.29,666.15
             951.51,661.94 957.64,663.19 959.90,664.74
             964.82,668.11 963.11,671.84 968.00,675.00 Z
           M 1066.00,663.00
           C 1067.92,664.92 1068.45,665.67 1069.85,668.02
             1070.69,669.43 1072.52,672.52 1072.95,674.00
             1074.17,678.18 1071.21,680.99 1068.04,680.26
             1064.37,679.41 1061.41,673.53 1062.06,670.00
             1062.55,667.34 1064.43,665.10 1066.00,663.00 Z
           M 1045.00,706.00
           C 1046.46,709.77 1049.58,715.97 1054.79,714.30
             1059.42,712.81 1058.59,706.58 1057.76,703.00
             1057.76,703.00 1048.02,677.00 1048.02,677.00
             1046.81,674.53 1044.67,670.56 1041.92,669.66
             1037.32,668.15 1036.97,672.87 1037.47,676.00
             1037.47,676.00 1042.32,696.00 1042.32,696.00
             1042.66,698.13 1042.82,701.80 1039.90,702.24
             1037.47,702.61 1035.83,699.77 1034.90,697.98
             1034.90,697.98 1027.20,680.02 1027.20,680.02
             1025.86,677.71 1022.58,673.51 1019.69,676.62
             1017.90,678.55 1020.08,686.40 1020.66,689.00
             1022.65,697.85 1025.07,705.51 1035.00,707.38
             1039.51,708.23 1040.90,707.90 1045.00,706.00 Z" />
</svg>
